10 38 1
0 0 -1 151 2 28 -1 -1 -1 -1 -1 32 -142 
1 1 0 0 0 0 0 0 0 0 0 0 0 
2 1 -1 38 2 72 -1 -1 -1 -1 -1 32 -40 
3 2 0 0 0 0 0 0 0 0 0 0 0 
4 2 0 0 0 0 0 0 0 0 0 0 0 
5 2 -1 157 2 71 -1 -1 -1 -1 -1 32 -117 
6 2 37 0 0 0 0 0 0 0 0 0 0 
7 3 0 0 0 0 0 0 0 0 0 0 0 
8 3 0 0 0 0 0 0 0 0 0 0 0 
9 3 0 0 0 0 0 0 0 0 0 0 0 
10 3 0 0 0 0 0 0 0 0 0 0 0 
11 3 -1 165 0 24 -1 -1 -1 -1 -1 32 -155 
12 3 -1 242 2 72 -1 -1 -1 -1 -1 32 -41 
13 3 0 0 0 0 0 0 0 0 0 0 0 
14 3 0 0 0 0 0 0 0 0 0 0 0 
15 4 0 0 0 0 0 0 0 0 0 0 0 
16 4 0 0 0 0 0 0 0 0 0 0 0 
17 4 0 0 0 0 0 0 0 0 0 0 0 
18 4 0 0 0 0 0 0 0 0 0 0 0 
19 4 0 0 0 0 0 0 0 0 0 0 0 
20 4 0 0 0 0 0 0 0 0 0 0 0 
21 4 0 0 0 0 0 0 0 0 0 0 0 
22 4 0 0 0 0 0 0 0 0 0 0 0 
23 4 1 0 0 0 0 0 0 0 0 0 0 
24 4 -1 286 0 66 -1 -1 -1 -1 -1 32 -143 
25 4 -1 10 18 0 0 3 2 0 0 16 54 
26 4 36 0 0 0 0 0 0 0 0 0 0 
27 4 0 0 0 0 0 0 0 0 0 0 0 
28 4 0 0 0 0 0 0 0 0 0 0 0 
29 4 0 0 0 0 0 0 0 0 0 0 0 
30 4 0 0 0 0 0 0 0 0 0 0 0 
31 5 0 0 0 0 0 0 0 0 0 0 0 
32 5 0 0 0 0 0 0 0 0 0 0 0 
33 5 0 0 0 0 0 0 0 0 0 0 0 
34 5 0 0 0 0 0 0 0 0 0 0 0 
35 5 0 0 0 0 0 0 0 0 0 0 0 
36 5 0 0 0 0 0 0 0 0 0 0 0 
37 5 0 0 0 0 0 0 0 0 0 0 0 
38 5 0 0 0 0 0 0 0 0 0 0 0 
39 5 0 0 0 0 0 0 0 0 0 0 0 
40 5 0 0 0 0 0 0 0 0 0 0 0 
41 5 0 0 0 0 0 0 0 0 0 0 0 
42 5 0 0 0 0 0 0 0 0 0 0 0 
43 5 0 0 0 0 0 0 0 0 0 0 0 
44 5 0 0 0 0 0 0 0 0 0 0 0 
45 5 0 0 0 0 0 0 0 0 0 0 0 
46 5 0 0 0 0 0 0 0 0 0 0 0 
47 5 0 0 0 0 0 0 0 0 0 0 0 
48 5 0 0 0 0 0 0 0 0 0 0 0 
49 5 2 0 0 0 0 0 0 0 0 0 0 
50 5 -1 245 2 71 -1 -1 -1 -1 -1 32 -155 
51 5 -1 9 19 0 0 10 8 0 0 6 31 
52 5 -1 17 3 0 0 17 19 0 0 7 -126 
53 5 0 0 0 0 0 0 0 0 0 0 0 
54 5 0 0 0 0 0 0 0 0 0 0 0 
55 5 0 0 0 0 0 0 0 0 0 0 0 
56 5 0 0 0 0 0 0 0 0 0 0 0 
57 5 0 0 0 0 0 0 0 0 0 0 0 
58 5 0 0 0 0 0 0 0 0 0 0 0 
59 5 0 0 0 0 0 0 0 0 0 0 0 
60 5 0 0 0 0 0 0 0 0 0 0 0 
61 5 0 0 0 0 0 0 0 0 0 0 0 
62 5 0 0 0 0 0 0 0 0 0 0 0 
63 6 0 0 0 0 0 0 0 0 0 0 0 
64 6 0 0 0 0 0 0 0 0 0 0 0 
65 6 0 0 0 0 0 0 0 0 0 0 0 
66 6 0 0 0 0 0 0 0 0 0 0 0 
67 6 0 0 0 0 0 0 0 0 0 0 0 
68 6 0 0 0 0 0 0 0 0 0 0 0 
69 6 0 0 0 0 0 0 0 0 0 0 0 
70 6 0 0 0 0 0 0 0 0 0 0 0 
71 6 0 0 0 0 0 0 0 0 0 0 0 
72 6 0 0 0 0 0 0 0 0 0 0 0 
73 6 0 0 0 0 0 0 0 0 0 0 0 
74 6 0 0 0 0 0 0 0 0 0 0 0 
75 6 0 0 0 0 0 0 0 0 0 0 0 
76 6 0 0 0 0 0 0 0 0 0 0 0 
77 6 0 0 0 0 0 0 0 0 0 0 0 
78 6 0 0 0 0 0 0 0 0 0 0 0 
79 6 0 0 0 0 0 0 0 0 0 0 0 
80 6 0 0 0 0 0 0 0 0 0 0 0 
81 6 0 0 0 0 0 0 0 0 0 0 0 
82 6 0 0 0 0 0 0 0 0 0 0 0 
83 6 0 0 0 0 0 0 0 0 0 0 0 
84 6 0 0 0 0 0 0 0 0 0 0 0 
85 6 0 0 0 0 0 0 0 0 0 0 0 
86 6 0 0 0 0 0 0 0 0 0 0 0 
87 6 0 0 0 0 0 0 0 0 0 0 0 
88 6 0 0 0 0 0 0 0 0 0 0 0 
89 6 0 0 0 0 0 0 0 0 0 0 0 
90 6 0 0 0 0 0 0 0 0 0 0 0 
91 6 0 0 0 0 0 0 0 0 0 0 0 
92 6 0 0 0 0 0 0 0 0 0 0 0 
93 6 0 0 0 0 0 0 0 0 0 0 0 
94 6 0 0 0 0 0 0 0 0 0 0 0 
95 6 0 0 0 0 0 0 0 0 0 0 0 
96 6 0 0 0 0 0 0 0 0 0 0 0 
97 6 0 0 0 0 0 0 0 0 0 0 0 
98 6 0 0 0 0 0 0 0 0 0 0 0 
99 6 0 0 0 0 0 0 0 0 0 0 0 
100 6 0 0 0 0 0 0 0 0 0 0 0 
101 6 3 0 0 0 0 0 0 0 0 0 0 
102 6 -1 165 2 21 -1 -1 -1 -1 -1 32 -151 
103 6 -1 8 18 0 0 15 0 0 0 16 -68 
104 6 -1 13 19 0 0 2 6 0 0 0 33 
105 6 30 0 0 0 0 0 0 0 0 0 0 
106 6 -1 19 10 0 0 5 3 0 0 1 -59 
107 6 0 0 0 0 0 0 0 0 0 0 0 
108 6 0 0 0 0 0 0 0 0 0 0 0 
109 6 0 0 0 0 0 0 0 0 0 0 0 
110 6 0 0 0 0 0 0 0 0 0 0 0 
111 6 0 0 0 0 0 0 0 0 0 0 0 
112 6 0 0 0 0 0 0 0 0 0 0 0 
113 6 0 0 0 0 0 0 0 0 0 0 0 
114 6 0 0 0 0 0 0 0 0 0 0 0 
115 6 0 0 0 0 0 0 0 0 0 0 0 
116 6 0 0 0 0 0 0 0 0 0 0 0 
117 6 0 0 0 0 0 0 0 0 0 0 0 
118 6 0 0 0 0 0 0 0 0 0 0 0 
119 6 0 0 0 0 0 0 0 0 0 0 0 
120 6 0 0 0 0 0 0 0 0 0 0 0 
121 6 0 0 0 0 0 0 0 0 0 0 0 
122 6 0 0 0 0 0 0 0 0 0 0 0 
123 6 0 0 0 0 0 0 0 0 0 0 0 
124 6 0 0 0 0 0 0 0 0 0 0 0 
125 6 0 0 0 0 0 0 0 0 0 0 0 
126 6 0 0 0 0 0 0 0 0 0 0 0 
127 7 0 0 0 0 0 0 0 0 0 0 0 
128 7 0 0 0 0 0 0 0 0 0 0 0 
129 7 0 0 0 0 0 0 0 0 0 0 0 
130 7 0 0 0 0 0 0 0 0 0 0 0 
131 7 0 0 0 0 0 0 0 0 0 0 0 
132 7 0 0 0 0 0 0 0 0 0 0 0 
133 7 0 0 0 0 0 0 0 0 0 0 0 
134 7 0 0 0 0 0 0 0 0 0 0 0 
135 7 0 0 0 0 0 0 0 0 0 0 0 
136 7 0 0 0 0 0 0 0 0 0 0 0 
137 7 0 0 0 0 0 0 0 0 0 0 0 
138 7 0 0 0 0 0 0 0 0 0 0 0 
139 7 0 0 0 0 0 0 0 0 0 0 0 
140 7 0 0 0 0 0 0 0 0 0 0 0 
141 7 0 0 0 0 0 0 0 0 0 0 0 
142 7 0 0 0 0 0 0 0 0 0 0 0 
143 7 0 0 0 0 0 0 0 0 0 0 0 
144 7 0 0 0 0 0 0 0 0 0 0 0 
145 7 0 0 0 0 0 0 0 0 0 0 0 
146 7 0 0 0 0 0 0 0 0 0 0 0 
147 7 0 0 0 0 0 0 0 0 0 0 0 
148 7 0 0 0 0 0 0 0 0 0 0 0 
149 7 0 0 0 0 0 0 0 0 0 0 0 
150 7 0 0 0 0 0 0 0 0 0 0 0 
151 7 0 0 0 0 0 0 0 0 0 0 0 
152 7 0 0 0 0 0 0 0 0 0 0 0 
153 7 0 0 0 0 0 0 0 0 0 0 0 
154 7 0 0 0 0 0 0 0 0 0 0 0 
155 7 0 0 0 0 0 0 0 0 0 0 0 
156 7 0 0 0 0 0 0 0 0 0 0 0 
157 7 0 0 0 0 0 0 0 0 0 0 0 
158 7 0 0 0 0 0 0 0 0 0 0 0 
159 7 0 0 0 0 0 0 0 0 0 0 0 
160 7 0 0 0 0 0 0 0 0 0 0 0 
161 7 0 0 0 0 0 0 0 0 0 0 0 
162 7 0 0 0 0 0 0 0 0 0 0 0 
163 7 0 0 0 0 0 0 0 0 0 0 0 
164 7 0 0 0 0 0 0 0 0 0 0 0 
165 7 0 0 0 0 0 0 0 0 0 0 0 
166 7 0 0 0 0 0 0 0 0 0 0 0 
167 7 0 0 0 0 0 0 0 0 0 0 0 
168 7 0 0 0 0 0 0 0 0 0 0 0 
169 7 0 0 0 0 0 0 0 0 0 0 0 
170 7 0 0 0 0 0 0 0 0 0 0 0 
171 7 0 0 0 0 0 0 0 0 0 0 0 
172 7 0 0 0 0 0 0 0 0 0 0 0 
173 7 0 0 0 0 0 0 0 0 0 0 0 
174 7 0 0 0 0 0 0 0 0 0 0 0 
175 7 0 0 0 0 0 0 0 0 0 0 0 
176 7 0 0 0 0 0 0 0 0 0 0 0 
177 7 0 0 0 0 0 0 0 0 0 0 0 
178 7 0 0 0 0 0 0 0 0 0 0 0 
179 7 0 0 0 0 0 0 0 0 0 0 0 
180 7 0 0 0 0 0 0 0 0 0 0 0 
181 7 0 0 0 0 0 0 0 0 0 0 0 
182 7 0 0 0 0 0 0 0 0 0 0 0 
183 7 0 0 0 0 0 0 0 0 0 0 0 
184 7 0 0 0 0 0 0 0 0 0 0 0 
185 7 0 0 0 0 0 0 0 0 0 0 0 
186 7 0 0 0 0 0 0 0 0 0 0 0 
187 7 0 0 0 0 0 0 0 0 0 0 0 
188 7 0 0 0 0 0 0 0 0 0 0 0 
189 7 0 0 0 0 0 0 0 0 0 0 0 
190 7 0 0 0 0 0 0 0 0 0 0 0 
191 7 0 0 0 0 0 0 0 0 0 0 0 
192 7 0 0 0 0 0 0 0 0 0 0 0 
193 7 0 0 0 0 0 0 0 0 0 0 0 
194 7 0 0 0 0 0 0 0 0 0 0 0 
195 7 0 0 0 0 0 0 0 0 0 0 0 
196 7 0 0 0 0 0 0 0 0 0 0 0 
197 7 0 0 0 0 0 0 0 0 0 0 0 
198 7 0 0 0 0 0 0 0 0 0 0 0 
199 7 0 0 0 0 0 0 0 0 0 0 0 
200 7 0 0 0 0 0 0 0 0 0 0 0 
201 7 0 0 0 0 0 0 0 0 0 0 0 
202 7 0 0 0 0 0 0 0 0 0 0 0 
203 7 0 0 0 0 0 0 0 0 0 0 0 
204 7 0 0 0 0 0 0 0 0 0 0 0 
205 7 4 0 0 0 0 0 0 0 0 0 0 
206 7 -1 0 1 0 0 14 14 0 0 20 5 
207 7 -1 97 2 41 -1 -1 -1 -1 -1 32 -57 
208 7 -1 0 3 0 0 19 2 0 0 16 80 
209 7 -1 206 1 79 -1 -1 -1 -1 -1 32 -61 
210 7 -1 17 4 0 0 6 3 0 0 0 33 
211 7 0 0 0 0 0 0 0 0 0 0 0 
212 7 0 0 0 0 0 0 0 0 0 0 0 
213 7 31 0 0 0 0 0 0 0 0 0 0 
214 7 -1 5 8 0 0 16 13 0 0 15 -123 
215 7 0 0 0 0 0 0 0 0 0 0 0 
216 7 0 0 0 0 0 0 0 0 0 0 0 
217 7 0 0 0 0 0 0 0 0 0 0 0 
218 7 0 0 0 0 0 0 0 0 0 0 0 
219 7 0 0 0 0 0 0 0 0 0 0 0 
220 7 0 0 0 0 0 0 0 0 0 0 0 
221 7 0 0 0 0 0 0 0 0 0 0 0 
222 7 0 0 0 0 0 0 0 0 0 0 0 
223 7 0 0 0 0 0 0 0 0 0 0 0 
224 7 0 0 0 0 0 0 0 0 0 0 0 
225 7 0 0 0 0 0 0 0 0 0 0 0 
226 7 0 0 0 0 0 0 0 0 0 0 0 
227 7 0 0 0 0 0 0 0 0 0 0 0 
228 7 0 0 0 0 0 0 0 0 0 0 0 
229 7 0 0 0 0 0 0 0 0 0 0 0 
230 7 0 0 0 0 0 0 0 0 0 0 0 
231 7 0 0 0 0 0 0 0 0 0 0 0 
232 7 0 0 0 0 0 0 0 0 0 0 0 
233 7 0 0 0 0 0 0 0 0 0 0 0 
234 7 0 0 0 0 0 0 0 0 0 0 0 
235 7 0 0 0 0 0 0 0 0 0 0 0 
236 7 0 0 0 0 0 0 0 0 0 0 0 
237 7 0 0 0 0 0 0 0 0 0 0 0 
238 7 0 0 0 0 0 0 0 0 0 0 0 
239 7 0 0 0 0 0 0 0 0 0 0 0 
240 7 0 0 0 0 0 0 0 0 0 0 0 
241 7 0 0 0 0 0 0 0 0 0 0 0 
242 7 0 0 0 0 0 0 0 0 0 0 0 
243 7 0 0 0 0 0 0 0 0 0 0 0 
244 7 0 0 0 0 0 0 0 0 0 0 0 
245 7 0 0 0 0 0 0 0 0 0 0 0 
246 7 0 0 0 0 0 0 0 0 0 0 0 
247 7 0 0 0 0 0 0 0 0 0 0 0 
248 7 0 0 0 0 0 0 0 0 0 0 0 
249 7 0 0 0 0 0 0 0 0 0 0 0 
250 7 0 0 0 0 0 0 0 0 0 0 0 
251 7 0 0 0 0 0 0 0 0 0 0 0 
252 7 0 0 0 0 0 0 0 0 0 0 0 
253 7 0 0 0 0 0 0 0 0 0 0 0 
254 7 0 0 0 0 0 0 0 0 0 0 0 
255 8 0 0 0 0 0 0 0 0 0 0 0 
256 8 0 0 0 0 0 0 0 0 0 0 0 
257 8 0 0 0 0 0 0 0 0 0 0 0 
258 8 0 0 0 0 0 0 0 0 0 0 0 
259 8 0 0 0 0 0 0 0 0 0 0 0 
260 8 0 0 0 0 0 0 0 0 0 0 0 
261 8 0 0 0 0 0 0 0 0 0 0 0 
262 8 0 0 0 0 0 0 0 0 0 0 0 
263 8 0 0 0 0 0 0 0 0 0 0 0 
264 8 0 0 0 0 0 0 0 0 0 0 0 
265 8 0 0 0 0 0 0 0 0 0 0 0 
266 8 0 0 0 0 0 0 0 0 0 0 0 
267 8 0 0 0 0 0 0 0 0 0 0 0 
268 8 0 0 0 0 0 0 0 0 0 0 0 
269 8 0 0 0 0 0 0 0 0 0 0 0 
270 8 0 0 0 0 0 0 0 0 0 0 0 
271 8 0 0 0 0 0 0 0 0 0 0 0 
272 8 0 0 0 0 0 0 0 0 0 0 0 
273 8 0 0 0 0 0 0 0 0 0 0 0 
274 8 0 0 0 0 0 0 0 0 0 0 0 
275 8 0 0 0 0 0 0 0 0 0 0 0 
276 8 0 0 0 0 0 0 0 0 0 0 0 
277 8 0 0 0 0 0 0 0 0 0 0 0 
278 8 0 0 0 0 0 0 0 0 0 0 0 
279 8 0 0 0 0 0 0 0 0 0 0 0 
280 8 0 0 0 0 0 0 0 0 0 0 0 
281 8 0 0 0 0 0 0 0 0 0 0 0 
282 8 0 0 0 0 0 0 0 0 0 0 0 
283 8 0 0 0 0 0 0 0 0 0 0 0 
284 8 0 0 0 0 0 0 0 0 0 0 0 
285 8 0 0 0 0 0 0 0 0 0 0 0 
286 8 0 0 0 0 0 0 0 0 0 0 0 
287 8 0 0 0 0 0 0 0 0 0 0 0 
288 8 0 0 0 0 0 0 0 0 0 0 0 
289 8 0 0 0 0 0 0 0 0 0 0 0 
290 8 0 0 0 0 0 0 0 0 0 0 0 
291 8 0 0 0 0 0 0 0 0 0 0 0 
292 8 0 0 0 0 0 0 0 0 0 0 0 
293 8 0 0 0 0 0 0 0 0 0 0 0 
294 8 0 0 0 0 0 0 0 0 0 0 0 
295 8 0 0 0 0 0 0 0 0 0 0 0 
296 8 0 0 0 0 0 0 0 0 0 0 0 
297 8 0 0 0 0 0 0 0 0 0 0 0 
298 8 0 0 0 0 0 0 0 0 0 0 0 
299 8 0 0 0 0 0 0 0 0 0 0 0 
300 8 0 0 0 0 0 0 0 0 0 0 0 
301 8 0 0 0 0 0 0 0 0 0 0 0 
302 8 0 0 0 0 0 0 0 0 0 0 0 
303 8 0 0 0 0 0 0 0 0 0 0 0 
304 8 0 0 0 0 0 0 0 0 0 0 0 
305 8 0 0 0 0 0 0 0 0 0 0 0 
306 8 0 0 0 0 0 0 0 0 0 0 0 
307 8 0 0 0 0 0 0 0 0 0 0 0 
308 8 0 0 0 0 0 0 0 0 0 0 0 
309 8 0 0 0 0 0 0 0 0 0 0 0 
310 8 0 0 0 0 0 0 0 0 0 0 0 
311 8 0 0 0 0 0 0 0 0 0 0 0 
312 8 0 0 0 0 0 0 0 0 0 0 0 
313 8 0 0 0 0 0 0 0 0 0 0 0 
314 8 0 0 0 0 0 0 0 0 0 0 0 
315 8 0 0 0 0 0 0 0 0 0 0 0 
316 8 0 0 0 0 0 0 0 0 0 0 0 
317 8 0 0 0 0 0 0 0 0 0 0 0 
318 8 0 0 0 0 0 0 0 0 0 0 0 
319 8 0 0 0 0 0 0 0 0 0 0 0 
320 8 0 0 0 0 0 0 0 0 0 0 0 
321 8 0 0 0 0 0 0 0 0 0 0 0 
322 8 0 0 0 0 0 0 0 0 0 0 0 
323 8 0 0 0 0 0 0 0 0 0 0 0 
324 8 0 0 0 0 0 0 0 0 0 0 0 
325 8 0 0 0 0 0 0 0 0 0 0 0 
326 8 0 0 0 0 0 0 0 0 0 0 0 
327 8 0 0 0 0 0 0 0 0 0 0 0 
328 8 0 0 0 0 0 0 0 0 0 0 0 
329 8 0 0 0 0 0 0 0 0 0 0 0 
330 8 0 0 0 0 0 0 0 0 0 0 0 
331 8 0 0 0 0 0 0 0 0 0 0 0 
332 8 0 0 0 0 0 0 0 0 0 0 0 
333 8 0 0 0 0 0 0 0 0 0 0 0 
334 8 0 0 0 0 0 0 0 0 0 0 0 
335 8 0 0 0 0 0 0 0 0 0 0 0 
336 8 0 0 0 0 0 0 0 0 0 0 0 
337 8 0 0 0 0 0 0 0 0 0 0 0 
338 8 0 0 0 0 0 0 0 0 0 0 0 
339 8 0 0 0 0 0 0 0 0 0 0 0 
340 8 0 0 0 0 0 0 0 0 0 0 0 
341 8 0 0 0 0 0 0 0 0 0 0 0 
342 8 0 0 0 0 0 0 0 0 0 0 0 
343 8 0 0 0 0 0 0 0 0 0 0 0 
344 8 0 0 0 0 0 0 0 0 0 0 0 
345 8 0 0 0 0 0 0 0 0 0 0 0 
346 8 0 0 0 0 0 0 0 0 0 0 0 
347 8 0 0 0 0 0 0 0 0 0 0 0 
348 8 0 0 0 0 0 0 0 0 0 0 0 
349 8 0 0 0 0 0 0 0 0 0 0 0 
350 8 0 0 0 0 0 0 0 0 0 0 0 
351 8 0 0 0 0 0 0 0 0 0 0 0 
352 8 0 0 0 0 0 0 0 0 0 0 0 
353 8 0 0 0 0 0 0 0 0 0 0 0 
354 8 0 0 0 0 0 0 0 0 0 0 0 
355 8 0 0 0 0 0 0 0 0 0 0 0 
356 8 0 0 0 0 0 0 0 0 0 0 0 
357 8 0 0 0 0 0 0 0 0 0 0 0 
358 8 0 0 0 0 0 0 0 0 0 0 0 
359 8 0 0 0 0 0 0 0 0 0 0 0 
360 8 0 0 0 0 0 0 0 0 0 0 0 
361 8 0 0 0 0 0 0 0 0 0 0 0 
362 8 0 0 0 0 0 0 0 0 0 0 0 
363 8 0 0 0 0 0 0 0 0 0 0 0 
364 8 0 0 0 0 0 0 0 0 0 0 0 
365 8 0 0 0 0 0 0 0 0 0 0 0 
366 8 0 0 0 0 0 0 0 0 0 0 0 
367 8 0 0 0 0 0 0 0 0 0 0 0 
368 8 0 0 0 0 0 0 0 0 0 0 0 
369 8 0 0 0 0 0 0 0 0 0 0 0 
370 8 0 0 0 0 0 0 0 0 0 0 0 
371 8 0 0 0 0 0 0 0 0 0 0 0 
372 8 0 0 0 0 0 0 0 0 0 0 0 
373 8 0 0 0 0 0 0 0 0 0 0 0 
374 8 0 0 0 0 0 0 0 0 0 0 0 
375 8 0 0 0 0 0 0 0 0 0 0 0 
376 8 0 0 0 0 0 0 0 0 0 0 0 
377 8 0 0 0 0 0 0 0 0 0 0 0 
378 8 0 0 0 0 0 0 0 0 0 0 0 
379 8 0 0 0 0 0 0 0 0 0 0 0 
380 8 0 0 0 0 0 0 0 0 0 0 0 
381 8 0 0 0 0 0 0 0 0 0 0 0 
382 8 0 0 0 0 0 0 0 0 0 0 0 
383 8 0 0 0 0 0 0 0 0 0 0 0 
384 8 0 0 0 0 0 0 0 0 0 0 0 
385 8 0 0 0 0 0 0 0 0 0 0 0 
386 8 0 0 0 0 0 0 0 0 0 0 0 
387 8 0 0 0 0 0 0 0 0 0 0 0 
388 8 0 0 0 0 0 0 0 0 0 0 0 
389 8 0 0 0 0 0 0 0 0 0 0 0 
390 8 0 0 0 0 0 0 0 0 0 0 0 
391 8 0 0 0 0 0 0 0 0 0 0 0 
392 8 0 0 0 0 0 0 0 0 0 0 0 
393 8 0 0 0 0 0 0 0 0 0 0 0 
394 8 0 0 0 0 0 0 0 0 0 0 0 
395 8 0 0 0 0 0 0 0 0 0 0 0 
396 8 0 0 0 0 0 0 0 0 0 0 0 
397 8 0 0 0 0 0 0 0 0 0 0 0 
398 8 0 0 0 0 0 0 0 0 0 0 0 
399 8 0 0 0 0 0 0 0 0 0 0 0 
400 8 0 0 0 0 0 0 0 0 0 0 0 
401 8 0 0 0 0 0 0 0 0 0 0 0 
402 8 0 0 0 0 0 0 0 0 0 0 0 
403 8 0 0 0 0 0 0 0 0 0 0 0 
404 8 0 0 0 0 0 0 0 0 0 0 0 
405 8 0 0 0 0 0 0 0 0 0 0 0 
406 8 0 0 0 0 0 0 0 0 0 0 0 
407 8 0 0 0 0 0 0 0 0 0 0 0 
408 8 0 0 0 0 0 0 0 0 0 0 0 
409 8 0 0 0 0 0 0 0 0 0 0 0 
410 8 0 0 0 0 0 0 0 0 0 0 0 
411 8 0 0 0 0 0 0 0 0 0 0 0 
412 8 0 0 0 0 0 0 0 0 0 0 0 
413 8 -1 1 2 0 0 18 12 0 0 18 14 
414 8 8 0 0 0 0 0 0 0 0 0 0 
415 8 -1 5 13 0 0 8 7 0 0 15 80 
416 8 12 0 0 0 0 0 0 0 0 0 0 
417 8 -1 11 2 27 -1 -1 -1 -1 -1 32 -62 
418 8 -1 0 0 0 0 7 9 0 0 17 21 
419 8 -1 1 2 0 0 5 17 0 0 0 -18 
420 8 -1 12 13 0 0 10 8 0 0 15 52 
421 8 -1 11 6 0 0 19 11 0 0 2 -8 
422 8 29 0 0 0 0 0 0 0 0 0 0 
423 8 0 0 0 0 0 0 0 0 0 0 0 
424 8 0 0 0 0 0 0 0 0 0 0 0 
425 8 0 0 0 0 0 0 0 0 0 0 0 
426 8 0 0 0 0 0 0 0 0 0 0 0 
427 8 0 0 0 0 0 0 0 0 0 0 0 
428 8 0 0 0 0 0 0 0 0 0 0 0 
429 8 32 0 0 0 0 0 0 0 0 0 0 
430 8 -1 19 3 0 0 10 5 0 0 1 -45 
431 8 0 0 0 0 0 0 0 0 0 0 0 
432 8 0 0 0 0 0 0 0 0 0 0 0 
433 8 0 0 0 0 0 0 0 0 0 0 0 
434 8 0 0 0 0 0 0 0 0 0 0 0 
435 8 0 0 0 0 0 0 0 0 0 0 0 
436 8 0 0 0 0 0 0 0 0 0 0 0 
437 8 0 0 0 0 0 0 0 0 0 0 0 
438 8 0 0 0 0 0 0 0 0 0 0 0 
439 8 0 0 0 0 0 0 0 0 0 0 0 
440 8 0 0 0 0 0 0 0 0 0 0 0 
441 8 0 0 0 0 0 0 0 0 0 0 0 
442 8 0 0 0 0 0 0 0 0 0 0 0 
443 8 0 0 0 0 0 0 0 0 0 0 0 
444 8 0 0 0 0 0 0 0 0 0 0 0 
445 8 0 0 0 0 0 0 0 0 0 0 0 
446 8 0 0 0 0 0 0 0 0 0 0 0 
447 8 0 0 0 0 0 0 0 0 0 0 0 
448 8 0 0 0 0 0 0 0 0 0 0 0 
449 8 0 0 0 0 0 0 0 0 0 0 0 
450 8 0 0 0 0 0 0 0 0 0 0 0 
451 8 0 0 0 0 0 0 0 0 0 0 0 
452 8 0 0 0 0 0 0 0 0 0 0 0 
453 8 0 0 0 0 0 0 0 0 0 0 0 
454 8 0 0 0 0 0 0 0 0 0 0 0 
455 8 0 0 0 0 0 0 0 0 0 0 0 
456 8 0 0 0 0 0 0 0 0 0 0 0 
457 8 0 0 0 0 0 0 0 0 0 0 0 
458 8 0 0 0 0 0 0 0 0 0 0 0 
459 8 0 0 0 0 0 0 0 0 0 0 0 
460 8 0 0 0 0 0 0 0 0 0 0 0 
461 8 0 0 0 0 0 0 0 0 0 0 0 
462 8 0 0 0 0 0 0 0 0 0 0 0 
463 8 0 0 0 0 0 0 0 0 0 0 0 
464 8 0 0 0 0 0 0 0 0 0 0 0 
465 8 0 0 0 0 0 0 0 0 0 0 0 
466 8 0 0 0 0 0 0 0 0 0 0 0 
467 8 0 0 0 0 0 0 0 0 0 0 0 
468 8 0 0 0 0 0 0 0 0 0 0 0 
469 8 0 0 0 0 0 0 0 0 0 0 0 
470 8 0 0 0 0 0 0 0 0 0 0 0 
471 8 0 0 0 0 0 0 0 0 0 0 0 
472 8 0 0 0 0 0 0 0 0 0 0 0 
473 8 0 0 0 0 0 0 0 0 0 0 0 
474 8 0 0 0 0 0 0 0 0 0 0 0 
475 8 0 0 0 0 0 0 0 0 0 0 0 
476 8 0 0 0 0 0 0 0 0 0 0 0 
477 8 0 0 0 0 0 0 0 0 0 0 0 
478 8 0 0 0 0 0 0 0 0 0 0 0 
479 8 0 0 0 0 0 0 0 0 0 0 0 
480 8 0 0 0 0 0 0 0 0 0 0 0 
481 8 0 0 0 0 0 0 0 0 0 0 0 
482 8 0 0 0 0 0 0 0 0 0 0 0 
483 8 0 0 0 0 0 0 0 0 0 0 0 
484 8 0 0 0 0 0 0 0 0 0 0 0 
485 8 0 0 0 0 0 0 0 0 0 0 0 
486 8 0 0 0 0 0 0 0 0 0 0 0 
487 8 0 0 0 0 0 0 0 0 0 0 0 
488 8 0 0 0 0 0 0 0 0 0 0 0 
489 8 0 0 0 0 0 0 0 0 0 0 0 
490 8 0 0 0 0 0 0 0 0 0 0 0 
491 8 0 0 0 0 0 0 0 0 0 0 0 
492 8 0 0 0 0 0 0 0 0 0 0 0 
493 8 0 0 0 0 0 0 0 0 0 0 0 
494 8 0 0 0 0 0 0 0 0 0 0 0 
495 8 0 0 0 0 0 0 0 0 0 0 0 
496 8 0 0 0 0 0 0 0 0 0 0 0 
497 8 0 0 0 0 0 0 0 0 0 0 0 
498 8 0 0 0 0 0 0 0 0 0 0 0 
499 8 0 0 0 0 0 0 0 0 0 0 0 
500 8 0 0 0 0 0 0 0 0 0 0 0 
501 8 0 0 0 0 0 0 0 0 0 0 0 
502 8 0 0 0 0 0 0 0 0 0 0 0 
503 8 0 0 0 0 0 0 0 0 0 0 0 
504 8 0 0 0 0 0 0 0 0 0 0 0 
505 8 0 0 0 0 0 0 0 0 0 0 0 
506 8 0 0 0 0 0 0 0 0 0 0 0 
507 8 0 0 0 0 0 0 0 0 0 0 0 
508 8 0 0 0 0 0 0 0 0 0 0 0 
509 8 0 0 0 0 0 0 0 0 0 0 0 
510 8 0 0 0 0 0 0 0 0 0 0 0 
511 9 0 0 0 0 0 0 0 0 0 0 0 
512 9 0 0 0 0 0 0 0 0 0 0 0 
513 9 0 0 0 0 0 0 0 0 0 0 0 
514 9 0 0 0 0 0 0 0 0 0 0 0 
515 9 0 0 0 0 0 0 0 0 0 0 0 
516 9 0 0 0 0 0 0 0 0 0 0 0 
517 9 0 0 0 0 0 0 0 0 0 0 0 
518 9 0 0 0 0 0 0 0 0 0 0 0 
519 9 0 0 0 0 0 0 0 0 0 0 0 
520 9 0 0 0 0 0 0 0 0 0 0 0 
521 9 0 0 0 0 0 0 0 0 0 0 0 
522 9 0 0 0 0 0 0 0 0 0 0 0 
523 9 0 0 0 0 0 0 0 0 0 0 0 
524 9 0 0 0 0 0 0 0 0 0 0 0 
525 9 0 0 0 0 0 0 0 0 0 0 0 
526 9 0 0 0 0 0 0 0 0 0 0 0 
527 9 0 0 0 0 0 0 0 0 0 0 0 
528 9 0 0 0 0 0 0 0 0 0 0 0 
529 9 0 0 0 0 0 0 0 0 0 0 0 
530 9 0 0 0 0 0 0 0 0 0 0 0 
531 9 0 0 0 0 0 0 0 0 0 0 0 
532 9 0 0 0 0 0 0 0 0 0 0 0 
533 9 0 0 0 0 0 0 0 0 0 0 0 
534 9 0 0 0 0 0 0 0 0 0 0 0 
535 9 0 0 0 0 0 0 0 0 0 0 0 
536 9 0 0 0 0 0 0 0 0 0 0 0 
537 9 0 0 0 0 0 0 0 0 0 0 0 
538 9 0 0 0 0 0 0 0 0 0 0 0 
539 9 0 0 0 0 0 0 0 0 0 0 0 
540 9 0 0 0 0 0 0 0 0 0 0 0 
541 9 0 0 0 0 0 0 0 0 0 0 0 
542 9 0 0 0 0 0 0 0 0 0 0 0 
543 9 0 0 0 0 0 0 0 0 0 0 0 
544 9 0 0 0 0 0 0 0 0 0 0 0 
545 9 0 0 0 0 0 0 0 0 0 0 0 
546 9 0 0 0 0 0 0 0 0 0 0 0 
547 9 0 0 0 0 0 0 0 0 0 0 0 
548 9 0 0 0 0 0 0 0 0 0 0 0 
549 9 0 0 0 0 0 0 0 0 0 0 0 
550 9 0 0 0 0 0 0 0 0 0 0 0 
551 9 0 0 0 0 0 0 0 0 0 0 0 
552 9 0 0 0 0 0 0 0 0 0 0 0 
553 9 0 0 0 0 0 0 0 0 0 0 0 
554 9 0 0 0 0 0 0 0 0 0 0 0 
555 9 0 0 0 0 0 0 0 0 0 0 0 
556 9 0 0 0 0 0 0 0 0 0 0 0 
557 9 0 0 0 0 0 0 0 0 0 0 0 
558 9 0 0 0 0 0 0 0 0 0 0 0 
559 9 0 0 0 0 0 0 0 0 0 0 0 
560 9 0 0 0 0 0 0 0 0 0 0 0 
561 9 0 0 0 0 0 0 0 0 0 0 0 
562 9 0 0 0 0 0 0 0 0 0 0 0 
563 9 0 0 0 0 0 0 0 0 0 0 0 
564 9 0 0 0 0 0 0 0 0 0 0 0 
565 9 0 0 0 0 0 0 0 0 0 0 0 
566 9 0 0 0 0 0 0 0 0 0 0 0 
567 9 0 0 0 0 0 0 0 0 0 0 0 
568 9 0 0 0 0 0 0 0 0 0 0 0 
569 9 0 0 0 0 0 0 0 0 0 0 0 
570 9 0 0 0 0 0 0 0 0 0 0 0 
571 9 0 0 0 0 0 0 0 0 0 0 0 
572 9 0 0 0 0 0 0 0 0 0 0 0 
573 9 0 0 0 0 0 0 0 0 0 0 0 
574 9 0 0 0 0 0 0 0 0 0 0 0 
575 9 0 0 0 0 0 0 0 0 0 0 0 
576 9 0 0 0 0 0 0 0 0 0 0 0 
577 9 0 0 0 0 0 0 0 0 0 0 0 
578 9 0 0 0 0 0 0 0 0 0 0 0 
579 9 0 0 0 0 0 0 0 0 0 0 0 
580 9 0 0 0 0 0 0 0 0 0 0 0 
581 9 0 0 0 0 0 0 0 0 0 0 0 
582 9 0 0 0 0 0 0 0 0 0 0 0 
583 9 0 0 0 0 0 0 0 0 0 0 0 
584 9 0 0 0 0 0 0 0 0 0 0 0 
585 9 0 0 0 0 0 0 0 0 0 0 0 
586 9 0 0 0 0 0 0 0 0 0 0 0 
587 9 0 0 0 0 0 0 0 0 0 0 0 
588 9 0 0 0 0 0 0 0 0 0 0 0 
589 9 0 0 0 0 0 0 0 0 0 0 0 
590 9 0 0 0 0 0 0 0 0 0 0 0 
591 9 0 0 0 0 0 0 0 0 0 0 0 
592 9 0 0 0 0 0 0 0 0 0 0 0 
593 9 0 0 0 0 0 0 0 0 0 0 0 
594 9 0 0 0 0 0 0 0 0 0 0 0 
595 9 0 0 0 0 0 0 0 0 0 0 0 
596 9 0 0 0 0 0 0 0 0 0 0 0 
597 9 0 0 0 0 0 0 0 0 0 0 0 
598 9 0 0 0 0 0 0 0 0 0 0 0 
599 9 0 0 0 0 0 0 0 0 0 0 0 
600 9 0 0 0 0 0 0 0 0 0 0 0 
601 9 0 0 0 0 0 0 0 0 0 0 0 
602 9 0 0 0 0 0 0 0 0 0 0 0 
603 9 0 0 0 0 0 0 0 0 0 0 0 
604 9 0 0 0 0 0 0 0 0 0 0 0 
605 9 0 0 0 0 0 0 0 0 0 0 0 
606 9 0 0 0 0 0 0 0 0 0 0 0 
607 9 0 0 0 0 0 0 0 0 0 0 0 
608 9 0 0 0 0 0 0 0 0 0 0 0 
609 9 0 0 0 0 0 0 0 0 0 0 0 
610 9 0 0 0 0 0 0 0 0 0 0 0 
611 9 0 0 0 0 0 0 0 0 0 0 0 
612 9 0 0 0 0 0 0 0 0 0 0 0 
613 9 0 0 0 0 0 0 0 0 0 0 0 
614 9 0 0 0 0 0 0 0 0 0 0 0 
615 9 0 0 0 0 0 0 0 0 0 0 0 
616 9 0 0 0 0 0 0 0 0 0 0 0 
617 9 0 0 0 0 0 0 0 0 0 0 0 
618 9 0 0 0 0 0 0 0 0 0 0 0 
619 9 0 0 0 0 0 0 0 0 0 0 0 
620 9 0 0 0 0 0 0 0 0 0 0 0 
621 9 0 0 0 0 0 0 0 0 0 0 0 
622 9 0 0 0 0 0 0 0 0 0 0 0 
623 9 0 0 0 0 0 0 0 0 0 0 0 
624 9 0 0 0 0 0 0 0 0 0 0 0 
625 9 0 0 0 0 0 0 0 0 0 0 0 
626 9 0 0 0 0 0 0 0 0 0 0 0 
627 9 0 0 0 0 0 0 0 0 0 0 0 
628 9 0 0 0 0 0 0 0 0 0 0 0 
629 9 0 0 0 0 0 0 0 0 0 0 0 
630 9 0 0 0 0 0 0 0 0 0 0 0 
631 9 0 0 0 0 0 0 0 0 0 0 0 
632 9 0 0 0 0 0 0 0 0 0 0 0 
633 9 0 0 0 0 0 0 0 0 0 0 0 
634 9 0 0 0 0 0 0 0 0 0 0 0 
635 9 0 0 0 0 0 0 0 0 0 0 0 
636 9 0 0 0 0 0 0 0 0 0 0 0 
637 9 0 0 0 0 0 0 0 0 0 0 0 
638 9 0 0 0 0 0 0 0 0 0 0 0 
639 9 0 0 0 0 0 0 0 0 0 0 0 
640 9 0 0 0 0 0 0 0 0 0 0 0 
641 9 0 0 0 0 0 0 0 0 0 0 0 
642 9 0 0 0 0 0 0 0 0 0 0 0 
643 9 0 0 0 0 0 0 0 0 0 0 0 
644 9 0 0 0 0 0 0 0 0 0 0 0 
645 9 0 0 0 0 0 0 0 0 0 0 0 
646 9 0 0 0 0 0 0 0 0 0 0 0 
647 9 0 0 0 0 0 0 0 0 0 0 0 
648 9 0 0 0 0 0 0 0 0 0 0 0 
649 9 0 0 0 0 0 0 0 0 0 0 0 
650 9 0 0 0 0 0 0 0 0 0 0 0 
651 9 0 0 0 0 0 0 0 0 0 0 0 
652 9 0 0 0 0 0 0 0 0 0 0 0 
653 9 0 0 0 0 0 0 0 0 0 0 0 
654 9 0 0 0 0 0 0 0 0 0 0 0 
655 9 0 0 0 0 0 0 0 0 0 0 0 
656 9 0 0 0 0 0 0 0 0 0 0 0 
657 9 0 0 0 0 0 0 0 0 0 0 0 
658 9 0 0 0 0 0 0 0 0 0 0 0 
659 9 0 0 0 0 0 0 0 0 0 0 0 
660 9 0 0 0 0 0 0 0 0 0 0 0 
661 9 0 0 0 0 0 0 0 0 0 0 0 
662 9 0 0 0 0 0 0 0 0 0 0 0 
663 9 0 0 0 0 0 0 0 0 0 0 0 
664 9 0 0 0 0 0 0 0 0 0 0 0 
665 9 0 0 0 0 0 0 0 0 0 0 0 
666 9 0 0 0 0 0 0 0 0 0 0 0 
667 9 0 0 0 0 0 0 0 0 0 0 0 
668 9 0 0 0 0 0 0 0 0 0 0 0 
669 9 0 0 0 0 0 0 0 0 0 0 0 
670 9 0 0 0 0 0 0 0 0 0 0 0 
671 9 0 0 0 0 0 0 0 0 0 0 0 
672 9 0 0 0 0 0 0 0 0 0 0 0 
673 9 0 0 0 0 0 0 0 0 0 0 0 
674 9 0 0 0 0 0 0 0 0 0 0 0 
675 9 0 0 0 0 0 0 0 0 0 0 0 
676 9 0 0 0 0 0 0 0 0 0 0 0 
677 9 0 0 0 0 0 0 0 0 0 0 0 
678 9 0 0 0 0 0 0 0 0 0 0 0 
679 9 0 0 0 0 0 0 0 0 0 0 0 
680 9 0 0 0 0 0 0 0 0 0 0 0 
681 9 0 0 0 0 0 0 0 0 0 0 0 
682 9 0 0 0 0 0 0 0 0 0 0 0 
683 9 0 0 0 0 0 0 0 0 0 0 0 
684 9 0 0 0 0 0 0 0 0 0 0 0 
685 9 0 0 0 0 0 0 0 0 0 0 0 
686 9 0 0 0 0 0 0 0 0 0 0 0 
687 9 0 0 0 0 0 0 0 0 0 0 0 
688 9 0 0 0 0 0 0 0 0 0 0 0 
689 9 0 0 0 0 0 0 0 0 0 0 0 
690 9 0 0 0 0 0 0 0 0 0 0 0 
691 9 0 0 0 0 0 0 0 0 0 0 0 
692 9 0 0 0 0 0 0 0 0 0 0 0 
693 9 0 0 0 0 0 0 0 0 0 0 0 
694 9 0 0 0 0 0 0 0 0 0 0 0 
695 9 0 0 0 0 0 0 0 0 0 0 0 
696 9 0 0 0 0 0 0 0 0 0 0 0 
697 9 0 0 0 0 0 0 0 0 0 0 0 
698 9 0 0 0 0 0 0 0 0 0 0 0 
699 9 0 0 0 0 0 0 0 0 0 0 0 
700 9 0 0 0 0 0 0 0 0 0 0 0 
701 9 0 0 0 0 0 0 0 0 0 0 0 
702 9 0 0 0 0 0 0 0 0 0 0 0 
703 9 0 0 0 0 0 0 0 0 0 0 0 
704 9 0 0 0 0 0 0 0 0 0 0 0 
705 9 0 0 0 0 0 0 0 0 0 0 0 
706 9 0 0 0 0 0 0 0 0 0 0 0 
707 9 0 0 0 0 0 0 0 0 0 0 0 
708 9 0 0 0 0 0 0 0 0 0 0 0 
709 9 0 0 0 0 0 0 0 0 0 0 0 
710 9 0 0 0 0 0 0 0 0 0 0 0 
711 9 0 0 0 0 0 0 0 0 0 0 0 
712 9 0 0 0 0 0 0 0 0 0 0 0 
713 9 0 0 0 0 0 0 0 0 0 0 0 
714 9 0 0 0 0 0 0 0 0 0 0 0 
715 9 0 0 0 0 0 0 0 0 0 0 0 
716 9 0 0 0 0 0 0 0 0 0 0 0 
717 9 0 0 0 0 0 0 0 0 0 0 0 
718 9 0 0 0 0 0 0 0 0 0 0 0 
719 9 0 0 0 0 0 0 0 0 0 0 0 
720 9 0 0 0 0 0 0 0 0 0 0 0 
721 9 0 0 0 0 0 0 0 0 0 0 0 
722 9 0 0 0 0 0 0 0 0 0 0 0 
723 9 0 0 0 0 0 0 0 0 0 0 0 
724 9 0 0 0 0 0 0 0 0 0 0 0 
725 9 0 0 0 0 0 0 0 0 0 0 0 
726 9 0 0 0 0 0 0 0 0 0 0 0 
727 9 0 0 0 0 0 0 0 0 0 0 0 
728 9 0 0 0 0 0 0 0 0 0 0 0 
729 9 0 0 0 0 0 0 0 0 0 0 0 
730 9 0 0 0 0 0 0 0 0 0 0 0 
731 9 0 0 0 0 0 0 0 0 0 0 0 
732 9 0 0 0 0 0 0 0 0 0 0 0 
733 9 0 0 0 0 0 0 0 0 0 0 0 
734 9 0 0 0 0 0 0 0 0 0 0 0 
735 9 0 0 0 0 0 0 0 0 0 0 0 
736 9 0 0 0 0 0 0 0 0 0 0 0 
737 9 0 0 0 0 0 0 0 0 0 0 0 
738 9 0 0 0 0 0 0 0 0 0 0 0 
739 9 0 0 0 0 0 0 0 0 0 0 0 
740 9 0 0 0 0 0 0 0 0 0 0 0 
741 9 0 0 0 0 0 0 0 0 0 0 0 
742 9 0 0 0 0 0 0 0 0 0 0 0 
743 9 0 0 0 0 0 0 0 0 0 0 0 
744 9 0 0 0 0 0 0 0 0 0 0 0 
745 9 0 0 0 0 0 0 0 0 0 0 0 
746 9 0 0 0 0 0 0 0 0 0 0 0 
747 9 0 0 0 0 0 0 0 0 0 0 0 
748 9 0 0 0 0 0 0 0 0 0 0 0 
749 9 0 0 0 0 0 0 0 0 0 0 0 
750 9 0 0 0 0 0 0 0 0 0 0 0 
751 9 0 0 0 0 0 0 0 0 0 0 0 
752 9 0 0 0 0 0 0 0 0 0 0 0 
753 9 0 0 0 0 0 0 0 0 0 0 0 
754 9 0 0 0 0 0 0 0 0 0 0 0 
755 9 0 0 0 0 0 0 0 0 0 0 0 
756 9 0 0 0 0 0 0 0 0 0 0 0 
757 9 0 0 0 0 0 0 0 0 0 0 0 
758 9 0 0 0 0 0 0 0 0 0 0 0 
759 9 0 0 0 0 0 0 0 0 0 0 0 
760 9 0 0 0 0 0 0 0 0 0 0 0 
761 9 0 0 0 0 0 0 0 0 0 0 0 
762 9 0 0 0 0 0 0 0 0 0 0 0 
763 9 0 0 0 0 0 0 0 0 0 0 0 
764 9 0 0 0 0 0 0 0 0 0 0 0 
765 9 0 0 0 0 0 0 0 0 0 0 0 
766 9 0 0 0 0 0 0 0 0 0 0 0 
767 9 0 0 0 0 0 0 0 0 0 0 0 
768 9 0 0 0 0 0 0 0 0 0 0 0 
769 9 0 0 0 0 0 0 0 0 0 0 0 
770 9 0 0 0 0 0 0 0 0 0 0 0 
771 9 0 0 0 0 0 0 0 0 0 0 0 
772 9 0 0 0 0 0 0 0 0 0 0 0 
773 9 0 0 0 0 0 0 0 0 0 0 0 
774 9 0 0 0 0 0 0 0 0 0 0 0 
775 9 0 0 0 0 0 0 0 0 0 0 0 
776 9 0 0 0 0 0 0 0 0 0 0 0 
777 9 0 0 0 0 0 0 0 0 0 0 0 
778 9 0 0 0 0 0 0 0 0 0 0 0 
779 9 0 0 0 0 0 0 0 0 0 0 0 
780 9 0 0 0 0 0 0 0 0 0 0 0 
781 9 0 0 0 0 0 0 0 0 0 0 0 
782 9 0 0 0 0 0 0 0 0 0 0 0 
783 9 0 0 0 0 0 0 0 0 0 0 0 
784 9 0 0 0 0 0 0 0 0 0 0 0 
785 9 0 0 0 0 0 0 0 0 0 0 0 
786 9 0 0 0 0 0 0 0 0 0 0 0 
787 9 0 0 0 0 0 0 0 0 0 0 0 
788 9 0 0 0 0 0 0 0 0 0 0 0 
789 9 0 0 0 0 0 0 0 0 0 0 0 
790 9 0 0 0 0 0 0 0 0 0 0 0 
791 9 0 0 0 0 0 0 0 0 0 0 0 
792 9 0 0 0 0 0 0 0 0 0 0 0 
793 9 0 0 0 0 0 0 0 0 0 0 0 
794 9 0 0 0 0 0 0 0 0 0 0 0 
795 9 0 0 0 0 0 0 0 0 0 0 0 
796 9 0 0 0 0 0 0 0 0 0 0 0 
797 9 0 0 0 0 0 0 0 0 0 0 0 
798 9 0 0 0 0 0 0 0 0 0 0 0 
799 9 0 0 0 0 0 0 0 0 0 0 0 
800 9 0 0 0 0 0 0 0 0 0 0 0 
801 9 0 0 0 0 0 0 0 0 0 0 0 
802 9 0 0 0 0 0 0 0 0 0 0 0 
803 9 0 0 0 0 0 0 0 0 0 0 0 
804 9 0 0 0 0 0 0 0 0 0 0 0 
805 9 0 0 0 0 0 0 0 0 0 0 0 
806 9 0 0 0 0 0 0 0 0 0 0 0 
807 9 0 0 0 0 0 0 0 0 0 0 0 
808 9 0 0 0 0 0 0 0 0 0 0 0 
809 9 0 0 0 0 0 0 0 0 0 0 0 
810 9 0 0 0 0 0 0 0 0 0 0 0 
811 9 0 0 0 0 0 0 0 0 0 0 0 
812 9 0 0 0 0 0 0 0 0 0 0 0 
813 9 0 0 0 0 0 0 0 0 0 0 0 
814 9 0 0 0 0 0 0 0 0 0 0 0 
815 9 0 0 0 0 0 0 0 0 0 0 0 
816 9 0 0 0 0 0 0 0 0 0 0 0 
817 9 0 0 0 0 0 0 0 0 0 0 0 
818 9 0 0 0 0 0 0 0 0 0 0 0 
819 9 0 0 0 0 0 0 0 0 0 0 0 
820 9 0 0 0 0 0 0 0 0 0 0 0 
821 9 0 0 0 0 0 0 0 0 0 0 0 
822 9 0 0 0 0 0 0 0 0 0 0 0 
823 9 0 0 0 0 0 0 0 0 0 0 0 
824 9 0 0 0 0 0 0 0 0 0 0 0 
825 9 0 0 0 0 0 0 0 0 0 0 0 
826 9 0 0 0 0 0 0 0 0 0 0 0 
827 9 -1 1 9 0 0 14 16 0 0 16 1 
828 9 7 0 0 0 0 0 0 0 0 0 0 
829 9 0 0 0 0 0 0 0 0 0 0 0 
830 9 0 0 0 0 0 0 0 0 0 0 0 
831 9 -1 9 16 0 0 13 1 0 0 18 -6 
832 9 11 0 0 0 0 0 0 0 0 0 0 
833 9 0 0 0 0 0 0 0 0 0 0 0 
834 9 0 0 0 0 0 0 0 0 0 0 0 
835 9 -1 18 14 0 0 1 13 0 0 16 -54 
836 9 -1 133 0 46 -1 -1 -1 -1 -1 32 -139 
837 9 -1 19 7 0 0 18 19 0 0 7 175 
838 9 19 0 0 0 0 0 0 0 0 0 0 
839 9 20 0 0 0 0 0 0 0 0 0 0 
840 9 -1 15 6 0 0 18 2 0 0 12 -33 
841 9 -1 8 19 0 0 1 11 0 0 3 6 
842 9 25 0 0 0 0 0 0 0 0 0 0 
843 9 26 0 0 0 0 0 0 0 0 0 0 
844 9 -1 6 18 0 0 7 14 0 0 2 9 
845 9 0 0 0 0 0 0 0 0 0 0 0 
846 9 0 0 0 0 0 0 0 0 0 0 0 
847 9 0 0 0 0 0 0 0 0 0 0 0 
848 9 0 0 0 0 0 0 0 0 0 0 0 
849 9 0 0 0 0 0 0 0 0 0 0 0 
850 9 0 0 0 0 0 0 0 0 0 0 0 
851 9 0 0 0 0 0 0 0 0 0 0 0 
852 9 0 0 0 0 0 0 0 0 0 0 0 
853 9 0 0 0 0 0 0 0 0 0 0 0 
854 9 0 0 0 0 0 0 0 0 0 0 0 
855 9 0 0 0 0 0 0 0 0 0 0 0 
856 9 0 0 0 0 0 0 0 0 0 0 0 
857 9 0 0 0 0 0 0 0 0 0 0 0 
858 9 0 0 0 0 0 0 0 0 0 0 0 
859 9 0 0 0 0 0 0 0 0 0 0 0 
860 9 0 0 0 0 0 0 0 0 0 0 0 
861 9 33 0 0 0 0 0 0 0 0 0 0 
862 9 -1 12 11 0 0 19 4 0 0 20 -14 
863 9 0 0 0 0 0 0 0 0 0 0 0 
864 9 0 0 0 0 0 0 0 0 0 0 0 
865 9 0 0 0 0 0 0 0 0 0 0 0 
866 9 0 0 0 0 0 0 0 0 0 0 0 
867 9 0 0 0 0 0 0 0 0 0 0 0 
868 9 0 0 0 0 0 0 0 0 0 0 0 
869 9 0 0 0 0 0 0 0 0 0 0 0 
870 9 0 0 0 0 0 0 0 0 0 0 0 
871 9 0 0 0 0 0 0 0 0 0 0 0 
872 9 0 0 0 0 0 0 0 0 0 0 0 
873 9 0 0 0 0 0 0 0 0 0 0 0 
874 9 0 0 0 0 0 0 0 0 0 0 0 
875 9 0 0 0 0 0 0 0 0 0 0 0 
876 9 0 0 0 0 0 0 0 0 0 0 0 
877 9 0 0 0 0 0 0 0 0 0 0 0 
878 9 0 0 0 0 0 0 0 0 0 0 0 
879 9 0 0 0 0 0 0 0 0 0 0 0 
880 9 0 0 0 0 0 0 0 0 0 0 0 
881 9 0 0 0 0 0 0 0 0 0 0 0 
882 9 0 0 0 0 0 0 0 0 0 0 0 
883 9 0 0 0 0 0 0 0 0 0 0 0 
884 9 0 0 0 0 0 0 0 0 0 0 0 
885 9 0 0 0 0 0 0 0 0 0 0 0 
886 9 0 0 0 0 0 0 0 0 0 0 0 
887 9 0 0 0 0 0 0 0 0 0 0 0 
888 9 0 0 0 0 0 0 0 0 0 0 0 
889 9 0 0 0 0 0 0 0 0 0 0 0 
890 9 0 0 0 0 0 0 0 0 0 0 0 
891 9 0 0 0 0 0 0 0 0 0 0 0 
892 9 0 0 0 0 0 0 0 0 0 0 0 
893 9 0 0 0 0 0 0 0 0 0 0 0 
894 9 0 0 0 0 0 0 0 0 0 0 0 
895 9 0 0 0 0 0 0 0 0 0 0 0 
896 9 0 0 0 0 0 0 0 0 0 0 0 
897 9 0 0 0 0 0 0 0 0 0 0 0 
898 9 0 0 0 0 0 0 0 0 0 0 0 
899 9 0 0 0 0 0 0 0 0 0 0 0 
900 9 0 0 0 0 0 0 0 0 0 0 0 
901 9 0 0 0 0 0 0 0 0 0 0 0 
902 9 0 0 0 0 0 0 0 0 0 0 0 
903 9 0 0 0 0 0 0 0 0 0 0 0 
904 9 0 0 0 0 0 0 0 0 0 0 0 
905 9 0 0 0 0 0 0 0 0 0 0 0 
906 9 0 0 0 0 0 0 0 0 0 0 0 
907 9 0 0 0 0 0 0 0 0 0 0 0 
908 9 0 0 0 0 0 0 0 0 0 0 0 
909 9 0 0 0 0 0 0 0 0 0 0 0 
910 9 0 0 0 0 0 0 0 0 0 0 0 
911 9 0 0 0 0 0 0 0 0 0 0 0 
912 9 0 0 0 0 0 0 0 0 0 0 0 
913 9 0 0 0 0 0 0 0 0 0 0 0 
914 9 0 0 0 0 0 0 0 0 0 0 0 
915 9 0 0 0 0 0 0 0 0 0 0 0 
916 9 0 0 0 0 0 0 0 0 0 0 0 
917 9 0 0 0 0 0 0 0 0 0 0 0 
918 9 0 0 0 0 0 0 0 0 0 0 0 
919 9 0 0 0 0 0 0 0 0 0 0 0 
920 9 0 0 0 0 0 0 0 0 0 0 0 
921 9 0 0 0 0 0 0 0 0 0 0 0 
922 9 0 0 0 0 0 0 0 0 0 0 0 
923 9 0 0 0 0 0 0 0 0 0 0 0 
924 9 0 0 0 0 0 0 0 0 0 0 0 
925 9 0 0 0 0 0 0 0 0 0 0 0 
926 9 0 0 0 0 0 0 0 0 0 0 0 
927 9 0 0 0 0 0 0 0 0 0 0 0 
928 9 0 0 0 0 0 0 0 0 0 0 0 
929 9 0 0 0 0 0 0 0 0 0 0 0 
930 9 0 0 0 0 0 0 0 0 0 0 0 
931 9 0 0 0 0 0 0 0 0 0 0 0 
932 9 0 0 0 0 0 0 0 0 0 0 0 
933 9 0 0 0 0 0 0 0 0 0 0 0 
934 9 0 0 0 0 0 0 0 0 0 0 0 
935 9 0 0 0 0 0 0 0 0 0 0 0 
936 9 0 0 0 0 0 0 0 0 0 0 0 
937 9 0 0 0 0 0 0 0 0 0 0 0 
938 9 0 0 0 0 0 0 0 0 0 0 0 
939 9 0 0 0 0 0 0 0 0 0 0 0 
940 9 0 0 0 0 0 0 0 0 0 0 0 
941 9 0 0 0 0 0 0 0 0 0 0 0 
942 9 0 0 0 0 0 0 0 0 0 0 0 
943 9 0 0 0 0 0 0 0 0 0 0 0 
944 9 0 0 0 0 0 0 0 0 0 0 0 
945 9 0 0 0 0 0 0 0 0 0 0 0 
946 9 0 0 0 0 0 0 0 0 0 0 0 
947 9 0 0 0 0 0 0 0 0 0 0 0 
948 9 0 0 0 0 0 0 0 0 0 0 0 
949 9 0 0 0 0 0 0 0 0 0 0 0 
950 9 0 0 0 0 0 0 0 0 0 0 0 
951 9 0 0 0 0 0 0 0 0 0 0 0 
952 9 0 0 0 0 0 0 0 0 0 0 0 
953 9 0 0 0 0 0 0 0 0 0 0 0 
954 9 0 0 0 0 0 0 0 0 0 0 0 
955 9 0 0 0 0 0 0 0 0 0 0 0 
956 9 0 0 0 0 0 0 0 0 0 0 0 
957 9 0 0 0 0 0 0 0 0 0 0 0 
958 9 0 0 0 0 0 0 0 0 0 0 0 
959 9 0 0 0 0 0 0 0 0 0 0 0 
960 9 0 0 0 0 0 0 0 0 0 0 0 
961 9 0 0 0 0 0 0 0 0 0 0 0 
962 9 0 0 0 0 0 0 0 0 0 0 0 
963 9 0 0 0 0 0 0 0 0 0 0 0 
964 9 0 0 0 0 0 0 0 0 0 0 0 
965 9 0 0 0 0 0 0 0 0 0 0 0 
966 9 0 0 0 0 0 0 0 0 0 0 0 
967 9 0 0 0 0 0 0 0 0 0 0 0 
968 9 0 0 0 0 0 0 0 0 0 0 0 
969 9 0 0 0 0 0 0 0 0 0 0 0 
970 9 0 0 0 0 0 0 0 0 0 0 0 
971 9 0 0 0 0 0 0 0 0 0 0 0 
972 9 0 0 0 0 0 0 0 0 0 0 0 
973 9 0 0 0 0 0 0 0 0 0 0 0 
974 9 0 0 0 0 0 0 0 0 0 0 0 
975 9 0 0 0 0 0 0 0 0 0 0 0 
976 9 0 0 0 0 0 0 0 0 0 0 0 
977 9 0 0 0 0 0 0 0 0 0 0 0 
978 9 0 0 0 0 0 0 0 0 0 0 0 
979 9 0 0 0 0 0 0 0 0 0 0 0 
980 9 0 0 0 0 0 0 0 0 0 0 0 
981 9 0 0 0 0 0 0 0 0 0 0 0 
982 9 0 0 0 0 0 0 0 0 0 0 0 
983 9 0 0 0 0 0 0 0 0 0 0 0 
984 9 0 0 0 0 0 0 0 0 0 0 0 
985 9 0 0 0 0 0 0 0 0 0 0 0 
986 9 0 0 0 0 0 0 0 0 0 0 0 
987 9 0 0 0 0 0 0 0 0 0 0 0 
988 9 0 0 0 0 0 0 0 0 0 0 0 
989 9 0 0 0 0 0 0 0 0 0 0 0 
990 9 0 0 0 0 0 0 0 0 0 0 0 
991 9 0 0 0 0 0 0 0 0 0 0 0 
992 9 0 0 0 0 0 0 0 0 0 0 0 
993 9 0 0 0 0 0 0 0 0 0 0 0 
994 9 0 0 0 0 0 0 0 0 0 0 0 
995 9 0 0 0 0 0 0 0 0 0 0 0 
996 9 0 0 0 0 0 0 0 0 0 0 0 
997 9 0 0 0 0 0 0 0 0 0 0 0 
998 9 0 0 0 0 0 0 0 0 0 0 0 
999 9 0 0 0 0 0 0 0 0 0 0 0 
1000 9 0 0 0 0 0 0 0 0 0 0 0 
1001 9 0 0 0 0 0 0 0 0 0 0 0 
1002 9 0 0 0 0 0 0 0 0 0 0 0 
1003 9 0 0 0 0 0 0 0 0 0 0 0 
1004 9 0 0 0 0 0 0 0 0 0 0 0 
1005 9 0 0 0 0 0 0 0 0 0 0 0 
1006 9 0 0 0 0 0 0 0 0 0 0 0 
1007 9 0 0 0 0 0 0 0 0 0 0 0 
1008 9 0 0 0 0 0 0 0 0 0 0 0 
1009 9 0 0 0 0 0 0 0 0 0 0 0 
1010 9 0 0 0 0 0 0 0 0 0 0 0 
1011 9 0 0 0 0 0 0 0 0 0 0 0 
1012 9 0 0 0 0 0 0 0 0 0 0 0 
1013 9 0 0 0 0 0 0 0 0 0 0 0 
1014 9 0 0 0 0 0 0 0 0 0 0 0 
1015 9 0 0 0 0 0 0 0 0 0 0 0 
1016 9 0 0 0 0 0 0 0 0 0 0 0 
1017 9 0 0 0 0 0 0 0 0 0 0 0 
1018 9 0 0 0 0 0 0 0 0 0 0 0 
1019 9 0 0 0 0 0 0 0 0 0 0 0 
1020 9 0 0 0 0 0 0 0 0 0 0 0 
1021 9 0 0 0 0 0 0 0 0 0 0 0 
1022 9 0 0 0 0 0 0 0 0 0 0 0 
1023 10 0 0 0 0 0 0 0 0 0 0 0 
1024 10 0 0 0 0 0 0 0 0 0 0 0 
1025 10 0 0 0 0 0 0 0 0 0 0 0 
1026 10 0 0 0 0 0 0 0 0 0 0 0 
1027 10 0 0 0 0 0 0 0 0 0 0 0 
1028 10 0 0 0 0 0 0 0 0 0 0 0 
1029 10 0 0 0 0 0 0 0 0 0 0 0 
1030 10 0 0 0 0 0 0 0 0 0 0 0 
1031 10 0 0 0 0 0 0 0 0 0 0 0 
1032 10 0 0 0 0 0 0 0 0 0 0 0 
1033 10 0 0 0 0 0 0 0 0 0 0 0 
1034 10 0 0 0 0 0 0 0 0 0 0 0 
1035 10 0 0 0 0 0 0 0 0 0 0 0 
1036 10 0 0 0 0 0 0 0 0 0 0 0 
1037 10 0 0 0 0 0 0 0 0 0 0 0 
1038 10 0 0 0 0 0 0 0 0 0 0 0 
1039 10 0 0 0 0 0 0 0 0 0 0 0 
1040 10 0 0 0 0 0 0 0 0 0 0 0 
1041 10 0 0 0 0 0 0 0 0 0 0 0 
1042 10 0 0 0 0 0 0 0 0 0 0 0 
1043 10 0 0 0 0 0 0 0 0 0 0 0 
1044 10 0 0 0 0 0 0 0 0 0 0 0 
1045 10 0 0 0 0 0 0 0 0 0 0 0 
1046 10 0 0 0 0 0 0 0 0 0 0 0 
1047 10 0 0 0 0 0 0 0 0 0 0 0 
1048 10 0 0 0 0 0 0 0 0 0 0 0 
1049 10 0 0 0 0 0 0 0 0 0 0 0 
1050 10 0 0 0 0 0 0 0 0 0 0 0 
1051 10 0 0 0 0 0 0 0 0 0 0 0 
1052 10 0 0 0 0 0 0 0 0 0 0 0 
1053 10 0 0 0 0 0 0 0 0 0 0 0 
1054 10 0 0 0 0 0 0 0 0 0 0 0 
1055 10 0 0 0 0 0 0 0 0 0 0 0 
1056 10 0 0 0 0 0 0 0 0 0 0 0 
1057 10 0 0 0 0 0 0 0 0 0 0 0 
1058 10 0 0 0 0 0 0 0 0 0 0 0 
1059 10 0 0 0 0 0 0 0 0 0 0 0 
1060 10 0 0 0 0 0 0 0 0 0 0 0 
1061 10 0 0 0 0 0 0 0 0 0 0 0 
1062 10 0 0 0 0 0 0 0 0 0 0 0 
1063 10 0 0 0 0 0 0 0 0 0 0 0 
1064 10 0 0 0 0 0 0 0 0 0 0 0 
1065 10 0 0 0 0 0 0 0 0 0 0 0 
1066 10 0 0 0 0 0 0 0 0 0 0 0 
1067 10 0 0 0 0 0 0 0 0 0 0 0 
1068 10 0 0 0 0 0 0 0 0 0 0 0 
1069 10 0 0 0 0 0 0 0 0 0 0 0 
1070 10 0 0 0 0 0 0 0 0 0 0 0 
1071 10 0 0 0 0 0 0 0 0 0 0 0 
1072 10 0 0 0 0 0 0 0 0 0 0 0 
1073 10 0 0 0 0 0 0 0 0 0 0 0 
1074 10 0 0 0 0 0 0 0 0 0 0 0 
1075 10 0 0 0 0 0 0 0 0 0 0 0 
1076 10 0 0 0 0 0 0 0 0 0 0 0 
1077 10 0 0 0 0 0 0 0 0 0 0 0 
1078 10 0 0 0 0 0 0 0 0 0 0 0 
1079 10 0 0 0 0 0 0 0 0 0 0 0 
1080 10 0 0 0 0 0 0 0 0 0 0 0 
1081 10 0 0 0 0 0 0 0 0 0 0 0 
1082 10 0 0 0 0 0 0 0 0 0 0 0 
1083 10 0 0 0 0 0 0 0 0 0 0 0 
1084 10 0 0 0 0 0 0 0 0 0 0 0 
1085 10 0 0 0 0 0 0 0 0 0 0 0 
1086 10 0 0 0 0 0 0 0 0 0 0 0 
1087 10 0 0 0 0 0 0 0 0 0 0 0 
1088 10 0 0 0 0 0 0 0 0 0 0 0 
1089 10 0 0 0 0 0 0 0 0 0 0 0 
1090 10 0 0 0 0 0 0 0 0 0 0 0 
1091 10 0 0 0 0 0 0 0 0 0 0 0 
1092 10 0 0 0 0 0 0 0 0 0 0 0 
1093 10 0 0 0 0 0 0 0 0 0 0 0 
1094 10 0 0 0 0 0 0 0 0 0 0 0 
1095 10 0 0 0 0 0 0 0 0 0 0 0 
1096 10 0 0 0 0 0 0 0 0 0 0 0 
1097 10 0 0 0 0 0 0 0 0 0 0 0 
1098 10 0 0 0 0 0 0 0 0 0 0 0 
1099 10 0 0 0 0 0 0 0 0 0 0 0 
1100 10 0 0 0 0 0 0 0 0 0 0 0 
1101 10 0 0 0 0 0 0 0 0 0 0 0 
1102 10 0 0 0 0 0 0 0 0 0 0 0 
1103 10 0 0 0 0 0 0 0 0 0 0 0 
1104 10 0 0 0 0 0 0 0 0 0 0 0 
1105 10 0 0 0 0 0 0 0 0 0 0 0 
1106 10 0 0 0 0 0 0 0 0 0 0 0 
1107 10 0 0 0 0 0 0 0 0 0 0 0 
1108 10 0 0 0 0 0 0 0 0 0 0 0 
1109 10 0 0 0 0 0 0 0 0 0 0 0 
1110 10 0 0 0 0 0 0 0 0 0 0 0 
1111 10 0 0 0 0 0 0 0 0 0 0 0 
1112 10 0 0 0 0 0 0 0 0 0 0 0 
1113 10 0 0 0 0 0 0 0 0 0 0 0 
1114 10 0 0 0 0 0 0 0 0 0 0 0 
1115 10 0 0 0 0 0 0 0 0 0 0 0 
1116 10 0 0 0 0 0 0 0 0 0 0 0 
1117 10 0 0 0 0 0 0 0 0 0 0 0 
1118 10 0 0 0 0 0 0 0 0 0 0 0 
1119 10 0 0 0 0 0 0 0 0 0 0 0 
1120 10 0 0 0 0 0 0 0 0 0 0 0 
1121 10 0 0 0 0 0 0 0 0 0 0 0 
1122 10 0 0 0 0 0 0 0 0 0 0 0 
1123 10 0 0 0 0 0 0 0 0 0 0 0 
1124 10 0 0 0 0 0 0 0 0 0 0 0 
1125 10 0 0 0 0 0 0 0 0 0 0 0 
1126 10 0 0 0 0 0 0 0 0 0 0 0 
1127 10 0 0 0 0 0 0 0 0 0 0 0 
1128 10 0 0 0 0 0 0 0 0 0 0 0 
1129 10 0 0 0 0 0 0 0 0 0 0 0 
1130 10 0 0 0 0 0 0 0 0 0 0 0 
1131 10 0 0 0 0 0 0 0 0 0 0 0 
1132 10 0 0 0 0 0 0 0 0 0 0 0 
1133 10 0 0 0 0 0 0 0 0 0 0 0 
1134 10 0 0 0 0 0 0 0 0 0 0 0 
1135 10 0 0 0 0 0 0 0 0 0 0 0 
1136 10 0 0 0 0 0 0 0 0 0 0 0 
1137 10 0 0 0 0 0 0 0 0 0 0 0 
1138 10 0 0 0 0 0 0 0 0 0 0 0 
1139 10 0 0 0 0 0 0 0 0 0 0 0 
1140 10 0 0 0 0 0 0 0 0 0 0 0 
1141 10 0 0 0 0 0 0 0 0 0 0 0 
1142 10 0 0 0 0 0 0 0 0 0 0 0 
1143 10 0 0 0 0 0 0 0 0 0 0 0 
1144 10 0 0 0 0 0 0 0 0 0 0 0 
1145 10 0 0 0 0 0 0 0 0 0 0 0 
1146 10 0 0 0 0 0 0 0 0 0 0 0 
1147 10 0 0 0 0 0 0 0 0 0 0 0 
1148 10 0 0 0 0 0 0 0 0 0 0 0 
1149 10 0 0 0 0 0 0 0 0 0 0 0 
1150 10 0 0 0 0 0 0 0 0 0 0 0 
1151 10 0 0 0 0 0 0 0 0 0 0 0 
1152 10 0 0 0 0 0 0 0 0 0 0 0 
1153 10 0 0 0 0 0 0 0 0 0 0 0 
1154 10 0 0 0 0 0 0 0 0 0 0 0 
1155 10 0 0 0 0 0 0 0 0 0 0 0 
1156 10 0 0 0 0 0 0 0 0 0 0 0 
1157 10 0 0 0 0 0 0 0 0 0 0 0 
1158 10 0 0 0 0 0 0 0 0 0 0 0 
1159 10 0 0 0 0 0 0 0 0 0 0 0 
1160 10 0 0 0 0 0 0 0 0 0 0 0 
1161 10 0 0 0 0 0 0 0 0 0 0 0 
1162 10 0 0 0 0 0 0 0 0 0 0 0 
1163 10 0 0 0 0 0 0 0 0 0 0 0 
1164 10 0 0 0 0 0 0 0 0 0 0 0 
1165 10 0 0 0 0 0 0 0 0 0 0 0 
1166 10 0 0 0 0 0 0 0 0 0 0 0 
1167 10 0 0 0 0 0 0 0 0 0 0 0 
1168 10 0 0 0 0 0 0 0 0 0 0 0 
1169 10 0 0 0 0 0 0 0 0 0 0 0 
1170 10 0 0 0 0 0 0 0 0 0 0 0 
1171 10 0 0 0 0 0 0 0 0 0 0 0 
1172 10 0 0 0 0 0 0 0 0 0 0 0 
1173 10 0 0 0 0 0 0 0 0 0 0 0 
1174 10 0 0 0 0 0 0 0 0 0 0 0 
1175 10 0 0 0 0 0 0 0 0 0 0 0 
1176 10 0 0 0 0 0 0 0 0 0 0 0 
1177 10 0 0 0 0 0 0 0 0 0 0 0 
1178 10 0 0 0 0 0 0 0 0 0 0 0 
1179 10 0 0 0 0 0 0 0 0 0 0 0 
1180 10 0 0 0 0 0 0 0 0 0 0 0 
1181 10 0 0 0 0 0 0 0 0 0 0 0 
1182 10 0 0 0 0 0 0 0 0 0 0 0 
1183 10 0 0 0 0 0 0 0 0 0 0 0 
1184 10 0 0 0 0 0 0 0 0 0 0 0 
1185 10 0 0 0 0 0 0 0 0 0 0 0 
1186 10 0 0 0 0 0 0 0 0 0 0 0 
1187 10 0 0 0 0 0 0 0 0 0 0 0 
1188 10 0 0 0 0 0 0 0 0 0 0 0 
1189 10 0 0 0 0 0 0 0 0 0 0 0 
1190 10 0 0 0 0 0 0 0 0 0 0 0 
1191 10 0 0 0 0 0 0 0 0 0 0 0 
1192 10 0 0 0 0 0 0 0 0 0 0 0 
1193 10 0 0 0 0 0 0 0 0 0 0 0 
1194 10 0 0 0 0 0 0 0 0 0 0 0 
1195 10 0 0 0 0 0 0 0 0 0 0 0 
1196 10 0 0 0 0 0 0 0 0 0 0 0 
1197 10 0 0 0 0 0 0 0 0 0 0 0 
1198 10 0 0 0 0 0 0 0 0 0 0 0 
1199 10 0 0 0 0 0 0 0 0 0 0 0 
1200 10 0 0 0 0 0 0 0 0 0 0 0 
1201 10 0 0 0 0 0 0 0 0 0 0 0 
1202 10 0 0 0 0 0 0 0 0 0 0 0 
1203 10 0 0 0 0 0 0 0 0 0 0 0 
1204 10 0 0 0 0 0 0 0 0 0 0 0 
1205 10 0 0 0 0 0 0 0 0 0 0 0 
1206 10 0 0 0 0 0 0 0 0 0 0 0 
1207 10 0 0 0 0 0 0 0 0 0 0 0 
1208 10 0 0 0 0 0 0 0 0 0 0 0 
1209 10 0 0 0 0 0 0 0 0 0 0 0 
1210 10 0 0 0 0 0 0 0 0 0 0 0 
1211 10 0 0 0 0 0 0 0 0 0 0 0 
1212 10 0 0 0 0 0 0 0 0 0 0 0 
1213 10 0 0 0 0 0 0 0 0 0 0 0 
1214 10 0 0 0 0 0 0 0 0 0 0 0 
1215 10 0 0 0 0 0 0 0 0 0 0 0 
1216 10 0 0 0 0 0 0 0 0 0 0 0 
1217 10 0 0 0 0 0 0 0 0 0 0 0 
1218 10 0 0 0 0 0 0 0 0 0 0 0 
1219 10 0 0 0 0 0 0 0 0 0 0 0 
1220 10 0 0 0 0 0 0 0 0 0 0 0 
1221 10 0 0 0 0 0 0 0 0 0 0 0 
1222 10 0 0 0 0 0 0 0 0 0 0 0 
1223 10 0 0 0 0 0 0 0 0 0 0 0 
1224 10 0 0 0 0 0 0 0 0 0 0 0 
1225 10 0 0 0 0 0 0 0 0 0 0 0 
1226 10 0 0 0 0 0 0 0 0 0 0 0 
1227 10 0 0 0 0 0 0 0 0 0 0 0 
1228 10 0 0 0 0 0 0 0 0 0 0 0 
1229 10 0 0 0 0 0 0 0 0 0 0 0 
1230 10 0 0 0 0 0 0 0 0 0 0 0 
1231 10 0 0 0 0 0 0 0 0 0 0 0 
1232 10 0 0 0 0 0 0 0 0 0 0 0 
1233 10 0 0 0 0 0 0 0 0 0 0 0 
1234 10 0 0 0 0 0 0 0 0 0 0 0 
1235 10 0 0 0 0 0 0 0 0 0 0 0 
1236 10 0 0 0 0 0 0 0 0 0 0 0 
1237 10 0 0 0 0 0 0 0 0 0 0 0 
1238 10 0 0 0 0 0 0 0 0 0 0 0 
1239 10 0 0 0 0 0 0 0 0 0 0 0 
1240 10 0 0 0 0 0 0 0 0 0 0 0 
1241 10 0 0 0 0 0 0 0 0 0 0 0 
1242 10 0 0 0 0 0 0 0 0 0 0 0 
1243 10 0 0 0 0 0 0 0 0 0 0 0 
1244 10 0 0 0 0 0 0 0 0 0 0 0 
1245 10 0 0 0 0 0 0 0 0 0 0 0 
1246 10 0 0 0 0 0 0 0 0 0 0 0 
1247 10 0 0 0 0 0 0 0 0 0 0 0 
1248 10 0 0 0 0 0 0 0 0 0 0 0 
1249 10 0 0 0 0 0 0 0 0 0 0 0 
1250 10 0 0 0 0 0 0 0 0 0 0 0 
1251 10 0 0 0 0 0 0 0 0 0 0 0 
1252 10 0 0 0 0 0 0 0 0 0 0 0 
1253 10 0 0 0 0 0 0 0 0 0 0 0 
1254 10 0 0 0 0 0 0 0 0 0 0 0 
1255 10 0 0 0 0 0 0 0 0 0 0 0 
1256 10 0 0 0 0 0 0 0 0 0 0 0 
1257 10 0 0 0 0 0 0 0 0 0 0 0 
1258 10 0 0 0 0 0 0 0 0 0 0 0 
1259 10 0 0 0 0 0 0 0 0 0 0 0 
1260 10 0 0 0 0 0 0 0 0 0 0 0 
1261 10 0 0 0 0 0 0 0 0 0 0 0 
1262 10 0 0 0 0 0 0 0 0 0 0 0 
1263 10 0 0 0 0 0 0 0 0 0 0 0 
1264 10 0 0 0 0 0 0 0 0 0 0 0 
1265 10 0 0 0 0 0 0 0 0 0 0 0 
1266 10 0 0 0 0 0 0 0 0 0 0 0 
1267 10 0 0 0 0 0 0 0 0 0 0 0 
1268 10 0 0 0 0 0 0 0 0 0 0 0 
1269 10 0 0 0 0 0 0 0 0 0 0 0 
1270 10 0 0 0 0 0 0 0 0 0 0 0 
1271 10 0 0 0 0 0 0 0 0 0 0 0 
1272 10 0 0 0 0 0 0 0 0 0 0 0 
1273 10 0 0 0 0 0 0 0 0 0 0 0 
1274 10 0 0 0 0 0 0 0 0 0 0 0 
1275 10 0 0 0 0 0 0 0 0 0 0 0 
1276 10 0 0 0 0 0 0 0 0 0 0 0 
1277 10 0 0 0 0 0 0 0 0 0 0 0 
1278 10 0 0 0 0 0 0 0 0 0 0 0 
1279 10 0 0 0 0 0 0 0 0 0 0 0 
1280 10 0 0 0 0 0 0 0 0 0 0 0 
1281 10 0 0 0 0 0 0 0 0 0 0 0 
1282 10 0 0 0 0 0 0 0 0 0 0 0 
1283 10 0 0 0 0 0 0 0 0 0 0 0 
1284 10 0 0 0 0 0 0 0 0 0 0 0 
1285 10 0 0 0 0 0 0 0 0 0 0 0 
1286 10 0 0 0 0 0 0 0 0 0 0 0 
1287 10 0 0 0 0 0 0 0 0 0 0 0 
1288 10 0 0 0 0 0 0 0 0 0 0 0 
1289 10 0 0 0 0 0 0 0 0 0 0 0 
1290 10 0 0 0 0 0 0 0 0 0 0 0 
1291 10 0 0 0 0 0 0 0 0 0 0 0 
1292 10 0 0 0 0 0 0 0 0 0 0 0 
1293 10 0 0 0 0 0 0 0 0 0 0 0 
1294 10 0 0 0 0 0 0 0 0 0 0 0 
1295 10 0 0 0 0 0 0 0 0 0 0 0 
1296 10 0 0 0 0 0 0 0 0 0 0 0 
1297 10 0 0 0 0 0 0 0 0 0 0 0 
1298 10 0 0 0 0 0 0 0 0 0 0 0 
1299 10 0 0 0 0 0 0 0 0 0 0 0 
1300 10 0 0 0 0 0 0 0 0 0 0 0 
1301 10 0 0 0 0 0 0 0 0 0 0 0 
1302 10 0 0 0 0 0 0 0 0 0 0 0 
1303 10 0 0 0 0 0 0 0 0 0 0 0 
1304 10 0 0 0 0 0 0 0 0 0 0 0 
1305 10 0 0 0 0 0 0 0 0 0 0 0 
1306 10 0 0 0 0 0 0 0 0 0 0 0 
1307 10 0 0 0 0 0 0 0 0 0 0 0 
1308 10 0 0 0 0 0 0 0 0 0 0 0 
1309 10 0 0 0 0 0 0 0 0 0 0 0 
1310 10 0 0 0 0 0 0 0 0 0 0 0 
1311 10 0 0 0 0 0 0 0 0 0 0 0 
1312 10 0 0 0 0 0 0 0 0 0 0 0 
1313 10 0 0 0 0 0 0 0 0 0 0 0 
1314 10 0 0 0 0 0 0 0 0 0 0 0 
1315 10 0 0 0 0 0 0 0 0 0 0 0 
1316 10 0 0 0 0 0 0 0 0 0 0 0 
1317 10 0 0 0 0 0 0 0 0 0 0 0 
1318 10 0 0 0 0 0 0 0 0 0 0 0 
1319 10 0 0 0 0 0 0 0 0 0 0 0 
1320 10 0 0 0 0 0 0 0 0 0 0 0 
1321 10 0 0 0 0 0 0 0 0 0 0 0 
1322 10 0 0 0 0 0 0 0 0 0 0 0 
1323 10 0 0 0 0 0 0 0 0 0 0 0 
1324 10 0 0 0 0 0 0 0 0 0 0 0 
1325 10 0 0 0 0 0 0 0 0 0 0 0 
1326 10 0 0 0 0 0 0 0 0 0 0 0 
1327 10 0 0 0 0 0 0 0 0 0 0 0 
1328 10 0 0 0 0 0 0 0 0 0 0 0 
1329 10 0 0 0 0 0 0 0 0 0 0 0 
1330 10 0 0 0 0 0 0 0 0 0 0 0 
1331 10 0 0 0 0 0 0 0 0 0 0 0 
1332 10 0 0 0 0 0 0 0 0 0 0 0 
1333 10 0 0 0 0 0 0 0 0 0 0 0 
1334 10 0 0 0 0 0 0 0 0 0 0 0 
1335 10 0 0 0 0 0 0 0 0 0 0 0 
1336 10 0 0 0 0 0 0 0 0 0 0 0 
1337 10 0 0 0 0 0 0 0 0 0 0 0 
1338 10 0 0 0 0 0 0 0 0 0 0 0 
1339 10 0 0 0 0 0 0 0 0 0 0 0 
1340 10 0 0 0 0 0 0 0 0 0 0 0 
1341 10 0 0 0 0 0 0 0 0 0 0 0 
1342 10 0 0 0 0 0 0 0 0 0 0 0 
1343 10 0 0 0 0 0 0 0 0 0 0 0 
1344 10 0 0 0 0 0 0 0 0 0 0 0 
1345 10 0 0 0 0 0 0 0 0 0 0 0 
1346 10 0 0 0 0 0 0 0 0 0 0 0 
1347 10 0 0 0 0 0 0 0 0 0 0 0 
1348 10 0 0 0 0 0 0 0 0 0 0 0 
1349 10 0 0 0 0 0 0 0 0 0 0 0 
1350 10 0 0 0 0 0 0 0 0 0 0 0 
1351 10 0 0 0 0 0 0 0 0 0 0 0 
1352 10 0 0 0 0 0 0 0 0 0 0 0 
1353 10 0 0 0 0 0 0 0 0 0 0 0 
1354 10 0 0 0 0 0 0 0 0 0 0 0 
1355 10 0 0 0 0 0 0 0 0 0 0 0 
1356 10 0 0 0 0 0 0 0 0 0 0 0 
1357 10 0 0 0 0 0 0 0 0 0 0 0 
1358 10 0 0 0 0 0 0 0 0 0 0 0 
1359 10 0 0 0 0 0 0 0 0 0 0 0 
1360 10 0 0 0 0 0 0 0 0 0 0 0 
1361 10 0 0 0 0 0 0 0 0 0 0 0 
1362 10 0 0 0 0 0 0 0 0 0 0 0 
1363 10 0 0 0 0 0 0 0 0 0 0 0 
1364 10 0 0 0 0 0 0 0 0 0 0 0 
1365 10 0 0 0 0 0 0 0 0 0 0 0 
1366 10 0 0 0 0 0 0 0 0 0 0 0 
1367 10 0 0 0 0 0 0 0 0 0 0 0 
1368 10 0 0 0 0 0 0 0 0 0 0 0 
1369 10 0 0 0 0 0 0 0 0 0 0 0 
1370 10 0 0 0 0 0 0 0 0 0 0 0 
1371 10 0 0 0 0 0 0 0 0 0 0 0 
1372 10 0 0 0 0 0 0 0 0 0 0 0 
1373 10 0 0 0 0 0 0 0 0 0 0 0 
1374 10 0 0 0 0 0 0 0 0 0 0 0 
1375 10 0 0 0 0 0 0 0 0 0 0 0 
1376 10 0 0 0 0 0 0 0 0 0 0 0 
1377 10 0 0 0 0 0 0 0 0 0 0 0 
1378 10 0 0 0 0 0 0 0 0 0 0 0 
1379 10 0 0 0 0 0 0 0 0 0 0 0 
1380 10 0 0 0 0 0 0 0 0 0 0 0 
1381 10 0 0 0 0 0 0 0 0 0 0 0 
1382 10 0 0 0 0 0 0 0 0 0 0 0 
1383 10 0 0 0 0 0 0 0 0 0 0 0 
1384 10 0 0 0 0 0 0 0 0 0 0 0 
1385 10 0 0 0 0 0 0 0 0 0 0 0 
1386 10 0 0 0 0 0 0 0 0 0 0 0 
1387 10 0 0 0 0 0 0 0 0 0 0 0 
1388 10 0 0 0 0 0 0 0 0 0 0 0 
1389 10 0 0 0 0 0 0 0 0 0 0 0 
1390 10 0 0 0 0 0 0 0 0 0 0 0 
1391 10 0 0 0 0 0 0 0 0 0 0 0 
1392 10 0 0 0 0 0 0 0 0 0 0 0 
1393 10 0 0 0 0 0 0 0 0 0 0 0 
1394 10 0 0 0 0 0 0 0 0 0 0 0 
1395 10 0 0 0 0 0 0 0 0 0 0 0 
1396 10 0 0 0 0 0 0 0 0 0 0 0 
1397 10 0 0 0 0 0 0 0 0 0 0 0 
1398 10 0 0 0 0 0 0 0 0 0 0 0 
1399 10 0 0 0 0 0 0 0 0 0 0 0 
1400 10 0 0 0 0 0 0 0 0 0 0 0 
1401 10 0 0 0 0 0 0 0 0 0 0 0 
1402 10 0 0 0 0 0 0 0 0 0 0 0 
1403 10 0 0 0 0 0 0 0 0 0 0 0 
1404 10 0 0 0 0 0 0 0 0 0 0 0 
1405 10 0 0 0 0 0 0 0 0 0 0 0 
1406 10 0 0 0 0 0 0 0 0 0 0 0 
1407 10 0 0 0 0 0 0 0 0 0 0 0 
1408 10 0 0 0 0 0 0 0 0 0 0 0 
1409 10 0 0 0 0 0 0 0 0 0 0 0 
1410 10 0 0 0 0 0 0 0 0 0 0 0 
1411 10 0 0 0 0 0 0 0 0 0 0 0 
1412 10 0 0 0 0 0 0 0 0 0 0 0 
1413 10 0 0 0 0 0 0 0 0 0 0 0 
1414 10 0 0 0 0 0 0 0 0 0 0 0 
1415 10 0 0 0 0 0 0 0 0 0 0 0 
1416 10 0 0 0 0 0 0 0 0 0 0 0 
1417 10 0 0 0 0 0 0 0 0 0 0 0 
1418 10 0 0 0 0 0 0 0 0 0 0 0 
1419 10 0 0 0 0 0 0 0 0 0 0 0 
1420 10 0 0 0 0 0 0 0 0 0 0 0 
1421 10 0 0 0 0 0 0 0 0 0 0 0 
1422 10 0 0 0 0 0 0 0 0 0 0 0 
1423 10 0 0 0 0 0 0 0 0 0 0 0 
1424 10 0 0 0 0 0 0 0 0 0 0 0 
1425 10 0 0 0 0 0 0 0 0 0 0 0 
1426 10 0 0 0 0 0 0 0 0 0 0 0 
1427 10 0 0 0 0 0 0 0 0 0 0 0 
1428 10 0 0 0 0 0 0 0 0 0 0 0 
1429 10 0 0 0 0 0 0 0 0 0 0 0 
1430 10 0 0 0 0 0 0 0 0 0 0 0 
1431 10 0 0 0 0 0 0 0 0 0 0 0 
1432 10 0 0 0 0 0 0 0 0 0 0 0 
1433 10 0 0 0 0 0 0 0 0 0 0 0 
1434 10 0 0 0 0 0 0 0 0 0 0 0 
1435 10 0 0 0 0 0 0 0 0 0 0 0 
1436 10 0 0 0 0 0 0 0 0 0 0 0 
1437 10 0 0 0 0 0 0 0 0 0 0 0 
1438 10 0 0 0 0 0 0 0 0 0 0 0 
1439 10 0 0 0 0 0 0 0 0 0 0 0 
1440 10 0 0 0 0 0 0 0 0 0 0 0 
1441 10 0 0 0 0 0 0 0 0 0 0 0 
1442 10 0 0 0 0 0 0 0 0 0 0 0 
1443 10 0 0 0 0 0 0 0 0 0 0 0 
1444 10 0 0 0 0 0 0 0 0 0 0 0 
1445 10 0 0 0 0 0 0 0 0 0 0 0 
1446 10 0 0 0 0 0 0 0 0 0 0 0 
1447 10 0 0 0 0 0 0 0 0 0 0 0 
1448 10 0 0 0 0 0 0 0 0 0 0 0 
1449 10 0 0 0 0 0 0 0 0 0 0 0 
1450 10 0 0 0 0 0 0 0 0 0 0 0 
1451 10 0 0 0 0 0 0 0 0 0 0 0 
1452 10 0 0 0 0 0 0 0 0 0 0 0 
1453 10 0 0 0 0 0 0 0 0 0 0 0 
1454 10 0 0 0 0 0 0 0 0 0 0 0 
1455 10 0 0 0 0 0 0 0 0 0 0 0 
1456 10 0 0 0 0 0 0 0 0 0 0 0 
1457 10 0 0 0 0 0 0 0 0 0 0 0 
1458 10 0 0 0 0 0 0 0 0 0 0 0 
1459 10 0 0 0 0 0 0 0 0 0 0 0 
1460 10 0 0 0 0 0 0 0 0 0 0 0 
1461 10 0 0 0 0 0 0 0 0 0 0 0 
1462 10 0 0 0 0 0 0 0 0 0 0 0 
1463 10 0 0 0 0 0 0 0 0 0 0 0 
1464 10 0 0 0 0 0 0 0 0 0 0 0 
1465 10 0 0 0 0 0 0 0 0 0 0 0 
1466 10 0 0 0 0 0 0 0 0 0 0 0 
1467 10 0 0 0 0 0 0 0 0 0 0 0 
1468 10 0 0 0 0 0 0 0 0 0 0 0 
1469 10 0 0 0 0 0 0 0 0 0 0 0 
1470 10 0 0 0 0 0 0 0 0 0 0 0 
1471 10 0 0 0 0 0 0 0 0 0 0 0 
1472 10 0 0 0 0 0 0 0 0 0 0 0 
1473 10 0 0 0 0 0 0 0 0 0 0 0 
1474 10 0 0 0 0 0 0 0 0 0 0 0 
1475 10 0 0 0 0 0 0 0 0 0 0 0 
1476 10 0 0 0 0 0 0 0 0 0 0 0 
1477 10 0 0 0 0 0 0 0 0 0 0 0 
1478 10 0 0 0 0 0 0 0 0 0 0 0 
1479 10 0 0 0 0 0 0 0 0 0 0 0 
1480 10 0 0 0 0 0 0 0 0 0 0 0 
1481 10 0 0 0 0 0 0 0 0 0 0 0 
1482 10 0 0 0 0 0 0 0 0 0 0 0 
1483 10 0 0 0 0 0 0 0 0 0 0 0 
1484 10 0 0 0 0 0 0 0 0 0 0 0 
1485 10 0 0 0 0 0 0 0 0 0 0 0 
1486 10 0 0 0 0 0 0 0 0 0 0 0 
1487 10 0 0 0 0 0 0 0 0 0 0 0 
1488 10 0 0 0 0 0 0 0 0 0 0 0 
1489 10 0 0 0 0 0 0 0 0 0 0 0 
1490 10 0 0 0 0 0 0 0 0 0 0 0 
1491 10 0 0 0 0 0 0 0 0 0 0 0 
1492 10 0 0 0 0 0 0 0 0 0 0 0 
1493 10 0 0 0 0 0 0 0 0 0 0 0 
1494 10 0 0 0 0 0 0 0 0 0 0 0 
1495 10 0 0 0 0 0 0 0 0 0 0 0 
1496 10 0 0 0 0 0 0 0 0 0 0 0 
1497 10 0 0 0 0 0 0 0 0 0 0 0 
1498 10 0 0 0 0 0 0 0 0 0 0 0 
1499 10 0 0 0 0 0 0 0 0 0 0 0 
1500 10 0 0 0 0 0 0 0 0 0 0 0 
1501 10 0 0 0 0 0 0 0 0 0 0 0 
1502 10 0 0 0 0 0 0 0 0 0 0 0 
1503 10 0 0 0 0 0 0 0 0 0 0 0 
1504 10 0 0 0 0 0 0 0 0 0 0 0 
1505 10 0 0 0 0 0 0 0 0 0 0 0 
1506 10 0 0 0 0 0 0 0 0 0 0 0 
1507 10 0 0 0 0 0 0 0 0 0 0 0 
1508 10 0 0 0 0 0 0 0 0 0 0 0 
1509 10 0 0 0 0 0 0 0 0 0 0 0 
1510 10 0 0 0 0 0 0 0 0 0 0 0 
1511 10 0 0 0 0 0 0 0 0 0 0 0 
1512 10 0 0 0 0 0 0 0 0 0 0 0 
1513 10 0 0 0 0 0 0 0 0 0 0 0 
1514 10 0 0 0 0 0 0 0 0 0 0 0 
1515 10 0 0 0 0 0 0 0 0 0 0 0 
1516 10 0 0 0 0 0 0 0 0 0 0 0 
1517 10 0 0 0 0 0 0 0 0 0 0 0 
1518 10 0 0 0 0 0 0 0 0 0 0 0 
1519 10 0 0 0 0 0 0 0 0 0 0 0 
1520 10 0 0 0 0 0 0 0 0 0 0 0 
1521 10 0 0 0 0 0 0 0 0 0 0 0 
1522 10 0 0 0 0 0 0 0 0 0 0 0 
1523 10 0 0 0 0 0 0 0 0 0 0 0 
1524 10 0 0 0 0 0 0 0 0 0 0 0 
1525 10 0 0 0 0 0 0 0 0 0 0 0 
1526 10 0 0 0 0 0 0 0 0 0 0 0 
1527 10 0 0 0 0 0 0 0 0 0 0 0 
1528 10 0 0 0 0 0 0 0 0 0 0 0 
1529 10 0 0 0 0 0 0 0 0 0 0 0 
1530 10 0 0 0 0 0 0 0 0 0 0 0 
1531 10 0 0 0 0 0 0 0 0 0 0 0 
1532 10 0 0 0 0 0 0 0 0 0 0 0 
1533 10 0 0 0 0 0 0 0 0 0 0 0 
1534 10 0 0 0 0 0 0 0 0 0 0 0 
1535 10 0 0 0 0 0 0 0 0 0 0 0 
1536 10 0 0 0 0 0 0 0 0 0 0 0 
1537 10 0 0 0 0 0 0 0 0 0 0 0 
1538 10 0 0 0 0 0 0 0 0 0 0 0 
1539 10 0 0 0 0 0 0 0 0 0 0 0 
1540 10 0 0 0 0 0 0 0 0 0 0 0 
1541 10 0 0 0 0 0 0 0 0 0 0 0 
1542 10 0 0 0 0 0 0 0 0 0 0 0 
1543 10 0 0 0 0 0 0 0 0 0 0 0 
1544 10 0 0 0 0 0 0 0 0 0 0 0 
1545 10 0 0 0 0 0 0 0 0 0 0 0 
1546 10 0 0 0 0 0 0 0 0 0 0 0 
1547 10 0 0 0 0 0 0 0 0 0 0 0 
1548 10 0 0 0 0 0 0 0 0 0 0 0 
1549 10 0 0 0 0 0 0 0 0 0 0 0 
1550 10 0 0 0 0 0 0 0 0 0 0 0 
1551 10 0 0 0 0 0 0 0 0 0 0 0 
1552 10 0 0 0 0 0 0 0 0 0 0 0 
1553 10 0 0 0 0 0 0 0 0 0 0 0 
1554 10 0 0 0 0 0 0 0 0 0 0 0 
1555 10 0 0 0 0 0 0 0 0 0 0 0 
1556 10 0 0 0 0 0 0 0 0 0 0 0 
1557 10 0 0 0 0 0 0 0 0 0 0 0 
1558 10 0 0 0 0 0 0 0 0 0 0 0 
1559 10 0 0 0 0 0 0 0 0 0 0 0 
1560 10 0 0 0 0 0 0 0 0 0 0 0 
1561 10 0 0 0 0 0 0 0 0 0 0 0 
1562 10 0 0 0 0 0 0 0 0 0 0 0 
1563 10 0 0 0 0 0 0 0 0 0 0 0 
1564 10 0 0 0 0 0 0 0 0 0 0 0 
1565 10 0 0 0 0 0 0 0 0 0 0 0 
1566 10 0 0 0 0 0 0 0 0 0 0 0 
1567 10 0 0 0 0 0 0 0 0 0 0 0 
1568 10 0 0 0 0 0 0 0 0 0 0 0 
1569 10 0 0 0 0 0 0 0 0 0 0 0 
1570 10 0 0 0 0 0 0 0 0 0 0 0 
1571 10 0 0 0 0 0 0 0 0 0 0 0 
1572 10 0 0 0 0 0 0 0 0 0 0 0 
1573 10 0 0 0 0 0 0 0 0 0 0 0 
1574 10 0 0 0 0 0 0 0 0 0 0 0 
1575 10 0 0 0 0 0 0 0 0 0 0 0 
1576 10 0 0 0 0 0 0 0 0 0 0 0 
1577 10 0 0 0 0 0 0 0 0 0 0 0 
1578 10 0 0 0 0 0 0 0 0 0 0 0 
1579 10 0 0 0 0 0 0 0 0 0 0 0 
1580 10 0 0 0 0 0 0 0 0 0 0 0 
1581 10 0 0 0 0 0 0 0 0 0 0 0 
1582 10 0 0 0 0 0 0 0 0 0 0 0 
1583 10 0 0 0 0 0 0 0 0 0 0 0 
1584 10 0 0 0 0 0 0 0 0 0 0 0 
1585 10 0 0 0 0 0 0 0 0 0 0 0 
1586 10 0 0 0 0 0 0 0 0 0 0 0 
1587 10 0 0 0 0 0 0 0 0 0 0 0 
1588 10 0 0 0 0 0 0 0 0 0 0 0 
1589 10 0 0 0 0 0 0 0 0 0 0 0 
1590 10 0 0 0 0 0 0 0 0 0 0 0 
1591 10 0 0 0 0 0 0 0 0 0 0 0 
1592 10 0 0 0 0 0 0 0 0 0 0 0 
1593 10 0 0 0 0 0 0 0 0 0 0 0 
1594 10 0 0 0 0 0 0 0 0 0 0 0 
1595 10 0 0 0 0 0 0 0 0 0 0 0 
1596 10 0 0 0 0 0 0 0 0 0 0 0 
1597 10 0 0 0 0 0 0 0 0 0 0 0 
1598 10 0 0 0 0 0 0 0 0 0 0 0 
1599 10 0 0 0 0 0 0 0 0 0 0 0 
1600 10 0 0 0 0 0 0 0 0 0 0 0 
1601 10 0 0 0 0 0 0 0 0 0 0 0 
1602 10 0 0 0 0 0 0 0 0 0 0 0 
1603 10 0 0 0 0 0 0 0 0 0 0 0 
1604 10 0 0 0 0 0 0 0 0 0 0 0 
1605 10 0 0 0 0 0 0 0 0 0 0 0 
1606 10 0 0 0 0 0 0 0 0 0 0 0 
1607 10 0 0 0 0 0 0 0 0 0 0 0 
1608 10 0 0 0 0 0 0 0 0 0 0 0 
1609 10 0 0 0 0 0 0 0 0 0 0 0 
1610 10 0 0 0 0 0 0 0 0 0 0 0 
1611 10 0 0 0 0 0 0 0 0 0 0 0 
1612 10 0 0 0 0 0 0 0 0 0 0 0 
1613 10 0 0 0 0 0 0 0 0 0 0 0 
1614 10 0 0 0 0 0 0 0 0 0 0 0 
1615 10 0 0 0 0 0 0 0 0 0 0 0 
1616 10 0 0 0 0 0 0 0 0 0 0 0 
1617 10 0 0 0 0 0 0 0 0 0 0 0 
1618 10 0 0 0 0 0 0 0 0 0 0 0 
1619 10 0 0 0 0 0 0 0 0 0 0 0 
1620 10 0 0 0 0 0 0 0 0 0 0 0 
1621 10 0 0 0 0 0 0 0 0 0 0 0 
1622 10 0 0 0 0 0 0 0 0 0 0 0 
1623 10 0 0 0 0 0 0 0 0 0 0 0 
1624 10 0 0 0 0 0 0 0 0 0 0 0 
1625 10 0 0 0 0 0 0 0 0 0 0 0 
1626 10 0 0 0 0 0 0 0 0 0 0 0 
1627 10 0 0 0 0 0 0 0 0 0 0 0 
1628 10 0 0 0 0 0 0 0 0 0 0 0 
1629 10 0 0 0 0 0 0 0 0 0 0 0 
1630 10 0 0 0 0 0 0 0 0 0 0 0 
1631 10 0 0 0 0 0 0 0 0 0 0 0 
1632 10 0 0 0 0 0 0 0 0 0 0 0 
1633 10 0 0 0 0 0 0 0 0 0 0 0 
1634 10 0 0 0 0 0 0 0 0 0 0 0 
1635 10 0 0 0 0 0 0 0 0 0 0 0 
1636 10 0 0 0 0 0 0 0 0 0 0 0 
1637 10 0 0 0 0 0 0 0 0 0 0 0 
1638 10 0 0 0 0 0 0 0 0 0 0 0 
1639 10 0 0 0 0 0 0 0 0 0 0 0 
1640 10 0 0 0 0 0 0 0 0 0 0 0 
1641 10 0 0 0 0 0 0 0 0 0 0 0 
1642 10 0 0 0 0 0 0 0 0 0 0 0 
1643 10 0 0 0 0 0 0 0 0 0 0 0 
1644 10 0 0 0 0 0 0 0 0 0 0 0 
1645 10 0 0 0 0 0 0 0 0 0 0 0 
1646 10 0 0 0 0 0 0 0 0 0 0 0 
1647 10 0 0 0 0 0 0 0 0 0 0 0 
1648 10 0 0 0 0 0 0 0 0 0 0 0 
1649 10 0 0 0 0 0 0 0 0 0 0 0 
1650 10 0 0 0 0 0 0 0 0 0 0 0 
1651 10 0 0 0 0 0 0 0 0 0 0 0 
1652 10 0 0 0 0 0 0 0 0 0 0 0 
1653 10 0 0 0 0 0 0 0 0 0 0 0 
1654 10 0 0 0 0 0 0 0 0 0 0 0 
1655 10 5 0 0 0 0 0 0 0 0 0 0 
1656 10 6 0 0 0 0 0 0 0 0 0 0 
1657 10 0 0 0 0 0 0 0 0 0 0 0 
1658 10 0 0 0 0 0 0 0 0 0 0 0 
1659 10 0 0 0 0 0 0 0 0 0 0 0 
1660 10 0 0 0 0 0 0 0 0 0 0 0 
1661 10 0 0 0 0 0 0 0 0 0 0 0 
1662 10 0 0 0 0 0 0 0 0 0 0 0 
1663 10 9 0 0 0 0 0 0 0 0 0 0 
1664 10 10 0 0 0 0 0 0 0 0 0 0 
1665 10 0 0 0 0 0 0 0 0 0 0 0 
1666 10 0 0 0 0 0 0 0 0 0 0 0 
1667 10 0 0 0 0 0 0 0 0 0 0 0 
1668 10 0 0 0 0 0 0 0 0 0 0 0 
1669 10 0 0 0 0 0 0 0 0 0 0 0 
1670 10 0 0 0 0 0 0 0 0 0 0 0 
1671 10 13 0 0 0 0 0 0 0 0 0 0 
1672 10 14 0 0 0 0 0 0 0 0 0 0 
1673 10 15 0 0 0 0 0 0 0 0 0 0 
1674 10 16 0 0 0 0 0 0 0 0 0 0 
1675 10 17 0 0 0 0 0 0 0 0 0 0 
1676 10 18 0 0 0 0 0 0 0 0 0 0 
1677 10 0 0 0 0 0 0 0 0 0 0 0 
1678 10 0 0 0 0 0 0 0 0 0 0 0 
1679 10 0 0 0 0 0 0 0 0 0 0 0 
1680 10 0 0 0 0 0 0 0 0 0 0 0 
1681 10 21 0 0 0 0 0 0 0 0 0 0 
1682 10 22 0 0 0 0 0 0 0 0 0 0 
1683 10 23 0 0 0 0 0 0 0 0 0 0 
1684 10 24 0 0 0 0 0 0 0 0 0 0 
1685 10 0 0 0 0 0 0 0 0 0 0 0 
1686 10 0 0 0 0 0 0 0 0 0 0 0 
1687 10 0 0 0 0 0 0 0 0 0 0 0 
1688 10 0 0 0 0 0 0 0 0 0 0 0 
1689 10 27 0 0 0 0 0 0 0 0 0 0 
1690 10 28 0 0 0 0 0 0 0 0 0 0 
1691 10 0 0 0 0 0 0 0 0 0 0 0 
1692 10 0 0 0 0 0 0 0 0 0 0 0 
1693 10 0 0 0 0 0 0 0 0 0 0 0 
1694 10 0 0 0 0 0 0 0 0 0 0 0 
1695 10 0 0 0 0 0 0 0 0 0 0 0 
1696 10 0 0 0 0 0 0 0 0 0 0 0 
1697 10 0 0 0 0 0 0 0 0 0 0 0 
1698 10 0 0 0 0 0 0 0 0 0 0 0 
1699 10 0 0 0 0 0 0 0 0 0 0 0 
1700 10 0 0 0 0 0 0 0 0 0 0 0 
1701 10 0 0 0 0 0 0 0 0 0 0 0 
1702 10 0 0 0 0 0 0 0 0 0 0 0 
1703 10 0 0 0 0 0 0 0 0 0 0 0 
1704 10 0 0 0 0 0 0 0 0 0 0 0 
1705 10 0 0 0 0 0 0 0 0 0 0 0 
1706 10 0 0 0 0 0 0 0 0 0 0 0 
1707 10 0 0 0 0 0 0 0 0 0 0 0 
1708 10 0 0 0 0 0 0 0 0 0 0 0 
1709 10 0 0 0 0 0 0 0 0 0 0 0 
1710 10 0 0 0 0 0 0 0 0 0 0 0 
1711 10 0 0 0 0 0 0 0 0 0 0 0 
1712 10 0 0 0 0 0 0 0 0 0 0 0 
1713 10 0 0 0 0 0 0 0 0 0 0 0 
1714 10 0 0 0 0 0 0 0 0 0 0 0 
1715 10 0 0 0 0 0 0 0 0 0 0 0 
1716 10 0 0 0 0 0 0 0 0 0 0 0 
1717 10 0 0 0 0 0 0 0 0 0 0 0 
1718 10 0 0 0 0 0 0 0 0 0 0 0 
1719 10 0 0 0 0 0 0 0 0 0 0 0 
1720 10 0 0 0 0 0 0 0 0 0 0 0 
1721 10 0 0 0 0 0 0 0 0 0 0 0 
1722 10 0 0 0 0 0 0 0 0 0 0 0 
1723 10 0 0 0 0 0 0 0 0 0 0 0 
1724 10 0 0 0 0 0 0 0 0 0 0 0 
1725 10 34 0 0 0 0 0 0 0 0 0 0 
1726 10 35 0 0 0 0 0 0 0 0 0 0 
1727 10 0 0 0 0 0 0 0 0 0 0 0 
1728 10 0 0 0 0 0 0 0 0 0 0 0 
1729 10 0 0 0 0 0 0 0 0 0 0 0 
1730 10 0 0 0 0 0 0 0 0 0 0 0 
1731 10 0 0 0 0 0 0 0 0 0 0 0 
1732 10 0 0 0 0 0 0 0 0 0 0 0 
1733 10 0 0 0 0 0 0 0 0 0 0 0 
1734 10 0 0 0 0 0 0 0 0 0 0 0 
1735 10 0 0 0 0 0 0 0 0 0 0 0 
1736 10 0 0 0 0 0 0 0 0 0 0 0 
1737 10 0 0 0 0 0 0 0 0 0 0 0 
1738 10 0 0 0 0 0 0 0 0 0 0 0 
1739 10 0 0 0 0 0 0 0 0 0 0 0 
1740 10 0 0 0 0 0 0 0 0 0 0 0 
1741 10 0 0 0 0 0 0 0 0 0 0 0 
1742 10 0 0 0 0 0 0 0 0 0 0 0 
1743 10 0 0 0 0 0 0 0 0 0 0 0 
1744 10 0 0 0 0 0 0 0 0 0 0 0 
1745 10 0 0 0 0 0 0 0 0 0 0 0 
1746 10 0 0 0 0 0 0 0 0 0 0 0 
1747 10 0 0 0 0 0 0 0 0 0 0 0 
1748 10 0 0 0 0 0 0 0 0 0 0 0 
1749 10 0 0 0 0 0 0 0 0 0 0 0 
1750 10 0 0 0 0 0 0 0 0 0 0 0 
1751 10 0 0 0 0 0 0 0 0 0 0 0 
1752 10 0 0 0 0 0 0 0 0 0 0 0 
1753 10 0 0 0 0 0 0 0 0 0 0 0 
1754 10 0 0 0 0 0 0 0 0 0 0 0 
1755 10 0 0 0 0 0 0 0 0 0 0 0 
1756 10 0 0 0 0 0 0 0 0 0 0 0 
1757 10 0 0 0 0 0 0 0 0 0 0 0 
1758 10 0 0 0 0 0 0 0 0 0 0 0 
1759 10 0 0 0 0 0 0 0 0 0 0 0 
1760 10 0 0 0 0 0 0 0 0 0 0 0 
1761 10 0 0 0 0 0 0 0 0 0 0 0 
1762 10 0 0 0 0 0 0 0 0 0 0 0 
1763 10 0 0 0 0 0 0 0 0 0 0 0 
1764 10 0 0 0 0 0 0 0 0 0 0 0 
1765 10 0 0 0 0 0 0 0 0 0 0 0 
1766 10 0 0 0 0 0 0 0 0 0 0 0 
1767 10 0 0 0 0 0 0 0 0 0 0 0 
1768 10 0 0 0 0 0 0 0 0 0 0 0 
1769 10 0 0 0 0 0 0 0 0 0 0 0 
1770 10 0 0 0 0 0 0 0 0 0 0 0 
1771 10 0 0 0 0 0 0 0 0 0 0 0 
1772 10 0 0 0 0 0 0 0 0 0 0 0 
1773 10 0 0 0 0 0 0 0 0 0 0 0 
1774 10 0 0 0 0 0 0 0 0 0 0 0 
1775 10 0 0 0 0 0 0 0 0 0 0 0 
1776 10 0 0 0 0 0 0 0 0 0 0 0 
1777 10 0 0 0 0 0 0 0 0 0 0 0 
1778 10 0 0 0 0 0 0 0 0 0 0 0 
1779 10 0 0 0 0 0 0 0 0 0 0 0 
1780 10 0 0 0 0 0 0 0 0 0 0 0 
1781 10 0 0 0 0 0 0 0 0 0 0 0 
1782 10 0 0 0 0 0 0 0 0 0 0 0 
1783 10 0 0 0 0 0 0 0 0 0 0 0 
1784 10 0 0 0 0 0 0 0 0 0 0 0 
1785 10 0 0 0 0 0 0 0 0 0 0 0 
1786 10 0 0 0 0 0 0 0 0 0 0 0 
1787 10 0 0 0 0 0 0 0 0 0 0 0 
1788 10 0 0 0 0 0 0 0 0 0 0 0 
1789 10 0 0 0 0 0 0 0 0 0 0 0 
1790 10 0 0 0 0 0 0 0 0 0 0 0 
1791 10 0 0 0 0 0 0 0 0 0 0 0 
1792 10 0 0 0 0 0 0 0 0 0 0 0 
1793 10 0 0 0 0 0 0 0 0 0 0 0 
1794 10 0 0 0 0 0 0 0 0 0 0 0 
1795 10 0 0 0 0 0 0 0 0 0 0 0 
1796 10 0 0 0 0 0 0 0 0 0 0 0 
1797 10 0 0 0 0 0 0 0 0 0 0 0 
1798 10 0 0 0 0 0 0 0 0 0 0 0 
1799 10 0 0 0 0 0 0 0 0 0 0 0 
1800 10 0 0 0 0 0 0 0 0 0 0 0 
1801 10 0 0 0 0 0 0 0 0 0 0 0 
1802 10 0 0 0 0 0 0 0 0 0 0 0 
1803 10 0 0 0 0 0 0 0 0 0 0 0 
1804 10 0 0 0 0 0 0 0 0 0 0 0 
1805 10 0 0 0 0 0 0 0 0 0 0 0 
1806 10 0 0 0 0 0 0 0 0 0 0 0 
1807 10 0 0 0 0 0 0 0 0 0 0 0 
1808 10 0 0 0 0 0 0 0 0 0 0 0 
1809 10 0 0 0 0 0 0 0 0 0 0 0 
1810 10 0 0 0 0 0 0 0 0 0 0 0 
1811 10 0 0 0 0 0 0 0 0 0 0 0 
1812 10 0 0 0 0 0 0 0 0 0 0 0 
1813 10 0 0 0 0 0 0 0 0 0 0 0 
1814 10 0 0 0 0 0 0 0 0 0 0 0 
1815 10 0 0 0 0 0 0 0 0 0 0 0 
1816 10 0 0 0 0 0 0 0 0 0 0 0 
1817 10 0 0 0 0 0 0 0 0 0 0 0 
1818 10 0 0 0 0 0 0 0 0 0 0 0 
1819 10 0 0 0 0 0 0 0 0 0 0 0 
1820 10 0 0 0 0 0 0 0 0 0 0 0 
1821 10 0 0 0 0 0 0 0 0 0 0 0 
1822 10 0 0 0 0 0 0 0 0 0 0 0 
1823 10 0 0 0 0 0 0 0 0 0 0 0 
1824 10 0 0 0 0 0 0 0 0 0 0 0 
1825 10 0 0 0 0 0 0 0 0 0 0 0 
1826 10 0 0 0 0 0 0 0 0 0 0 0 
1827 10 0 0 0 0 0 0 0 0 0 0 0 
1828 10 0 0 0 0 0 0 0 0 0 0 0 
1829 10 0 0 0 0 0 0 0 0 0 0 0 
1830 10 0 0 0 0 0 0 0 0 0 0 0 
1831 10 0 0 0 0 0 0 0 0 0 0 0 
1832 10 0 0 0 0 0 0 0 0 0 0 0 
1833 10 0 0 0 0 0 0 0 0 0 0 0 
1834 10 0 0 0 0 0 0 0 0 0 0 0 
1835 10 0 0 0 0 0 0 0 0 0 0 0 
1836 10 0 0 0 0 0 0 0 0 0 0 0 
1837 10 0 0 0 0 0 0 0 0 0 0 0 
1838 10 0 0 0 0 0 0 0 0 0 0 0 
1839 10 0 0 0 0 0 0 0 0 0 0 0 
1840 10 0 0 0 0 0 0 0 0 0 0 0 
1841 10 0 0 0 0 0 0 0 0 0 0 0 
1842 10 0 0 0 0 0 0 0 0 0 0 0 
1843 10 0 0 0 0 0 0 0 0 0 0 0 
1844 10 0 0 0 0 0 0 0 0 0 0 0 
1845 10 0 0 0 0 0 0 0 0 0 0 0 
1846 10 0 0 0 0 0 0 0 0 0 0 0 
1847 10 0 0 0 0 0 0 0 0 0 0 0 
1848 10 0 0 0 0 0 0 0 0 0 0 0 
1849 10 0 0 0 0 0 0 0 0 0 0 0 
1850 10 0 0 0 0 0 0 0 0 0 0 0 
1851 10 0 0 0 0 0 0 0 0 0 0 0 
1852 10 0 0 0 0 0 0 0 0 0 0 0 
1853 10 0 0 0 0 0 0 0 0 0 0 0 
1854 10 0 0 0 0 0 0 0 0 0 0 0 
1855 10 0 0 0 0 0 0 0 0 0 0 0 
1856 10 0 0 0 0 0 0 0 0 0 0 0 
1857 10 0 0 0 0 0 0 0 0 0 0 0 
1858 10 0 0 0 0 0 0 0 0 0 0 0 
1859 10 0 0 0 0 0 0 0 0 0 0 0 
1860 10 0 0 0 0 0 0 0 0 0 0 0 
1861 10 0 0 0 0 0 0 0 0 0 0 0 
1862 10 0 0 0 0 0 0 0 0 0 0 0 
1863 10 0 0 0 0 0 0 0 0 0 0 0 
1864 10 0 0 0 0 0 0 0 0 0 0 0 
1865 10 0 0 0 0 0 0 0 0 0 0 0 
1866 10 0 0 0 0 0 0 0 0 0 0 0 
1867 10 0 0 0 0 0 0 0 0 0 0 0 
1868 10 0 0 0 0 0 0 0 0 0 0 0 
1869 10 0 0 0 0 0 0 0 0 0 0 0 
1870 10 0 0 0 0 0 0 0 0 0 0 0 
1871 10 0 0 0 0 0 0 0 0 0 0 0 
1872 10 0 0 0 0 0 0 0 0 0 0 0 
1873 10 0 0 0 0 0 0 0 0 0 0 0 
1874 10 0 0 0 0 0 0 0 0 0 0 0 
1875 10 0 0 0 0 0 0 0 0 0 0 0 
1876 10 0 0 0 0 0 0 0 0 0 0 0 
1877 10 0 0 0 0 0 0 0 0 0 0 0 
1878 10 0 0 0 0 0 0 0 0 0 0 0 
1879 10 0 0 0 0 0 0 0 0 0 0 0 
1880 10 0 0 0 0 0 0 0 0 0 0 0 
1881 10 0 0 0 0 0 0 0 0 0 0 0 
1882 10 0 0 0 0 0 0 0 0 0 0 0 
1883 10 0 0 0 0 0 0 0 0 0 0 0 
1884 10 0 0 0 0 0 0 0 0 0 0 0 
1885 10 0 0 0 0 0 0 0 0 0 0 0 
1886 10 0 0 0 0 0 0 0 0 0 0 0 
1887 10 0 0 0 0 0 0 0 0 0 0 0 
1888 10 0 0 0 0 0 0 0 0 0 0 0 
1889 10 0 0 0 0 0 0 0 0 0 0 0 
1890 10 0 0 0 0 0 0 0 0 0 0 0 
1891 10 0 0 0 0 0 0 0 0 0 0 0 
1892 10 0 0 0 0 0 0 0 0 0 0 0 
1893 10 0 0 0 0 0 0 0 0 0 0 0 
1894 10 0 0 0 0 0 0 0 0 0 0 0 
1895 10 0 0 0 0 0 0 0 0 0 0 0 
1896 10 0 0 0 0 0 0 0 0 0 0 0 
1897 10 0 0 0 0 0 0 0 0 0 0 0 
1898 10 0 0 0 0 0 0 0 0 0 0 0 
1899 10 0 0 0 0 0 0 0 0 0 0 0 
1900 10 0 0 0 0 0 0 0 0 0 0 0 
1901 10 0 0 0 0 0 0 0 0 0 0 0 
1902 10 0 0 0 0 0 0 0 0 0 0 0 
1903 10 0 0 0 0 0 0 0 0 0 0 0 
1904 10 0 0 0 0 0 0 0 0 0 0 0 
1905 10 0 0 0 0 0 0 0 0 0 0 0 
1906 10 0 0 0 0 0 0 0 0 0 0 0 
1907 10 0 0 0 0 0 0 0 0 0 0 0 
1908 10 0 0 0 0 0 0 0 0 0 0 0 
1909 10 0 0 0 0 0 0 0 0 0 0 0 
1910 10 0 0 0 0 0 0 0 0 0 0 0 
1911 10 0 0 0 0 0 0 0 0 0 0 0 
1912 10 0 0 0 0 0 0 0 0 0 0 0 
1913 10 0 0 0 0 0 0 0 0 0 0 0 
1914 10 0 0 0 0 0 0 0 0 0 0 0 
1915 10 0 0 0 0 0 0 0 0 0 0 0 
1916 10 0 0 0 0 0 0 0 0 0 0 0 
1917 10 0 0 0 0 0 0 0 0 0 0 0 
1918 10 0 0 0 0 0 0 0 0 0 0 0 
1919 10 0 0 0 0 0 0 0 0 0 0 0 
1920 10 0 0 0 0 0 0 0 0 0 0 0 
1921 10 0 0 0 0 0 0 0 0 0 0 0 
1922 10 0 0 0 0 0 0 0 0 0 0 0 
1923 10 0 0 0 0 0 0 0 0 0 0 0 
1924 10 0 0 0 0 0 0 0 0 0 0 0 
1925 10 0 0 0 0 0 0 0 0 0 0 0 
1926 10 0 0 0 0 0 0 0 0 0 0 0 
1927 10 0 0 0 0 0 0 0 0 0 0 0 
1928 10 0 0 0 0 0 0 0 0 0 0 0 
1929 10 0 0 0 0 0 0 0 0 0 0 0 
1930 10 0 0 0 0 0 0 0 0 0 0 0 
1931 10 0 0 0 0 0 0 0 0 0 0 0 
1932 10 0 0 0 0 0 0 0 0 0 0 0 
1933 10 0 0 0 0 0 0 0 0 0 0 0 
1934 10 0 0 0 0 0 0 0 0 0 0 0 
1935 10 0 0 0 0 0 0 0 0 0 0 0 
1936 10 0 0 0 0 0 0 0 0 0 0 0 
1937 10 0 0 0 0 0 0 0 0 0 0 0 
1938 10 0 0 0 0 0 0 0 0 0 0 0 
1939 10 0 0 0 0 0 0 0 0 0 0 0 
1940 10 0 0 0 0 0 0 0 0 0 0 0 
1941 10 0 0 0 0 0 0 0 0 0 0 0 
1942 10 0 0 0 0 0 0 0 0 0 0 0 
1943 10 0 0 0 0 0 0 0 0 0 0 0 
1944 10 0 0 0 0 0 0 0 0 0 0 0 
1945 10 0 0 0 0 0 0 0 0 0 0 0 
1946 10 0 0 0 0 0 0 0 0 0 0 0 
1947 10 0 0 0 0 0 0 0 0 0 0 0 
1948 10 0 0 0 0 0 0 0 0 0 0 0 
1949 10 0 0 0 0 0 0 0 0 0 0 0 
1950 10 0 0 0 0 0 0 0 0 0 0 0 
1951 10 0 0 0 0 0 0 0 0 0 0 0 
1952 10 0 0 0 0 0 0 0 0 0 0 0 
1953 10 0 0 0 0 0 0 0 0 0 0 0 
1954 10 0 0 0 0 0 0 0 0 0 0 0 
1955 10 0 0 0 0 0 0 0 0 0 0 0 
1956 10 0 0 0 0 0 0 0 0 0 0 0 
1957 10 0 0 0 0 0 0 0 0 0 0 0 
1958 10 0 0 0 0 0 0 0 0 0 0 0 
1959 10 0 0 0 0 0 0 0 0 0 0 0 
1960 10 0 0 0 0 0 0 0 0 0 0 0 
1961 10 0 0 0 0 0 0 0 0 0 0 0 
1962 10 0 0 0 0 0 0 0 0 0 0 0 
1963 10 0 0 0 0 0 0 0 0 0 0 0 
1964 10 0 0 0 0 0 0 0 0 0 0 0 
1965 10 0 0 0 0 0 0 0 0 0 0 0 
1966 10 0 0 0 0 0 0 0 0 0 0 0 
1967 10 0 0 0 0 0 0 0 0 0 0 0 
1968 10 0 0 0 0 0 0 0 0 0 0 0 
1969 10 0 0 0 0 0 0 0 0 0 0 0 
1970 10 0 0 0 0 0 0 0 0 0 0 0 
1971 10 0 0 0 0 0 0 0 0 0 0 0 
1972 10 0 0 0 0 0 0 0 0 0 0 0 
1973 10 0 0 0 0 0 0 0 0 0 0 0 
1974 10 0 0 0 0 0 0 0 0 0 0 0 
1975 10 0 0 0 0 0 0 0 0 0 0 0 
1976 10 0 0 0 0 0 0 0 0 0 0 0 
1977 10 0 0 0 0 0 0 0 0 0 0 0 
1978 10 0 0 0 0 0 0 0 0 0 0 0 
1979 10 0 0 0 0 0 0 0 0 0 0 0 
1980 10 0 0 0 0 0 0 0 0 0 0 0 
1981 10 0 0 0 0 0 0 0 0 0 0 0 
1982 10 0 0 0 0 0 0 0 0 0 0 0 
1983 10 0 0 0 0 0 0 0 0 0 0 0 
1984 10 0 0 0 0 0 0 0 0 0 0 0 
1985 10 0 0 0 0 0 0 0 0 0 0 0 
1986 10 0 0 0 0 0 0 0 0 0 0 0 
1987 10 0 0 0 0 0 0 0 0 0 0 0 
1988 10 0 0 0 0 0 0 0 0 0 0 0 
1989 10 0 0 0 0 0 0 0 0 0 0 0 
1990 10 0 0 0 0 0 0 0 0 0 0 0 
1991 10 0 0 0 0 0 0 0 0 0 0 0 
1992 10 0 0 0 0 0 0 0 0 0 0 0 
1993 10 0 0 0 0 0 0 0 0 0 0 0 
1994 10 0 0 0 0 0 0 0 0 0 0 0 
1995 10 0 0 0 0 0 0 0 0 0 0 0 
1996 10 0 0 0 0 0 0 0 0 0 0 0 
1997 10 0 0 0 0 0 0 0 0 0 0 0 
1998 10 0 0 0 0 0 0 0 0 0 0 0 
1999 10 0 0 0 0 0 0 0 0 0 0 0 
2000 10 0 0 0 0 0 0 0 0 0 0 0 
2001 10 0 0 0 0 0 0 0 0 0 0 0 
2002 10 0 0 0 0 0 0 0 0 0 0 0 
2003 10 0 0 0 0 0 0 0 0 0 0 0 
2004 10 0 0 0 0 0 0 0 0 0 0 0 
2005 10 0 0 0 0 0 0 0 0 0 0 0 
2006 10 0 0 0 0 0 0 0 0 0 0 0 
2007 10 0 0 0 0 0 0 0 0 0 0 0 
2008 10 0 0 0 0 0 0 0 0 0 0 0 
2009 10 0 0 0 0 0 0 0 0 0 0 0 
2010 10 0 0 0 0 0 0 0 0 0 0 0 
2011 10 0 0 0 0 0 0 0 0 0 0 0 
2012 10 0 0 0 0 0 0 0 0 0 0 0 
2013 10 0 0 0 0 0 0 0 0 0 0 0 
2014 10 0 0 0 0 0 0 0 0 0 0 0 
2015 10 0 0 0 0 0 0 0 0 0 0 0 
2016 10 0 0 0 0 0 0 0 0 0 0 0 
2017 10 0 0 0 0 0 0 0 0 0 0 0 
2018 10 0 0 0 0 0 0 0 0 0 0 0 
2019 10 0 0 0 0 0 0 0 0 0 0 0 
2020 10 0 0 0 0 0 0 0 0 0 0 0 
2021 10 0 0 0 0 0 0 0 0 0 0 0 
2022 10 0 0 0 0 0 0 0 0 0 0 0 
2023 10 0 0 0 0 0 0 0 0 0 0 0 
2024 10 0 0 0 0 0 0 0 0 0 0 0 
2025 10 0 0 0 0 0 0 0 0 0 0 0 
2026 10 0 0 0 0 0 0 0 0 0 0 0 
2027 10 0 0 0 0 0 0 0 0 0 0 0 
2028 10 0 0 0 0 0 0 0 0 0 0 0 
2029 10 0 0 0 0 0 0 0 0 0 0 0 
2030 10 0 0 0 0 0 0 0 0 0 0 0 
2031 10 0 0 0 0 0 0 0 0 0 0 0 
2032 10 0 0 0 0 0 0 0 0 0 0 0 
2033 10 0 0 0 0 0 0 0 0 0 0 0 
2034 10 0 0 0 0 0 0 0 0 0 0 0 
2035 10 0 0 0 0 0 0 0 0 0 0 0 
2036 10 0 0 0 0 0 0 0 0 0 0 0 
2037 10 0 0 0 0 0 0 0 0 0 0 0 
2038 10 0 0 0 0 0 0 0 0 0 0 0 
2039 10 0 0 0 0 0 0 0 0 0 0 0 
2040 10 0 0 0 0 0 0 0 0 0 0 0 
2041 10 0 0 0 0 0 0 0 0 0 0 0 
2042 10 0 0 0 0 0 0 0 0 0 0 0 
2043 10 0 0 0 0 0 0 0 0 0 0 0 
2044 10 0 0 0 0 0 0 0 0 0 0 0 
2045 10 0 0 0 0 0 0 0 0 0 0 0 
2046 10 0 0 0 0 0 0 0 0 0 0 0 

0 1 1 0 bottle 0.000863771 1 4 82 120 
1 1 1 0 bottle 0.0507246 2 -23 -39 0 7 81 96 
2 1 1 0 bottle 0.0451613 1 27 1 180 
3 1 1 0 bottle 0.0985915 1 12 76 192 
4 1 1 0 bottle 0.583333 2 7 81 36 9 82 60 
5 1 1 0 bottle 1 14 -31 -18 276 -8 81 0 -18 56 192 9 87 228 29 -13 60 -16 -13 84 19 82 120 -21 -93 60 -23 51 144 -23 51 72 24 -38 204 2 56 72 19 67 84 12 81 36 
6 1 1 0 bottle 0.996154 37 -23 -24 0 17 -44 300 34 -33 120 22 -14 36 27 36 36 2 81 96 27 -34 84 17 -34 300 -13 76 192 12 81 300 27 -24 84 22 51 240 27 -9 96 22 -84 252 -3 61 144 32 31 72 27 16 240 32 31 84 27 51 96 2 61 192 27 16 0 22 -19 240 27 21 0 27 -19 144 22 1 204 12 56 96 27 -79 0 7 61 168 27 21 168 27 -74 204 27 -74 180 -8 81 168 27 31 300 27 6 192 -8 81 144 22 6 204 17 56 300 
7 1 1 0 bottle 1 15 19 77 84 24 -73 216 34 -78 120 29 -48 216 34 -38 84 24 -53 228 -11 27 60 34 -3 84 19 27 60 9 27 276 14 27 276 29 -3 216 24 27 216 34 22 120 24 27 120 
8 1 1 0 bottle 0.7 1 -8 81 252 
9 1 1 0 bottle 0.995485 63 -16 27 120 -26 27 228 -6 32 228 -3 -39 144 19 27 216 14 27 216 -21 -48 60 4 27 228 -26 2 228 -21 -48 276 -11 2 204 -1 27 60 -16 -48 276 -11 -48 276 24 -48 204 9 -48 204 -6 -48 60 -6 -48 228 -11 -48 60 -11 27 276 14 -63 120 9 27 228 -1 -48 216 4 -13 216 9 -48 216 4 -18 204 -6 -43 60 4 27 120 -31 -78 228 -1 27 216 -11 -78 60 19 27 120 -26 -3 216 -6 27 60 -6 27 204 -6 27 216 -6 27 228 4 -83 216 -21 -83 204 9 -83 228 -26 -78 216 -11 -48 228 9 -83 216 -6 -78 120 -6 -83 120 -1 7 216 19 -3 276 9 7 204 9 -8 228 -11 -78 216 14 -83 216 -26 -83 204 9 -83 276 14 -83 84 -16 -63 228 -16 -43 216 19 -83 60 -21 -83 276 -31 -8 276 -21 7 276 4 2 204 4 -38 120 -1 -78 204 
10 1 1 0 bottle 1 7 -3 -54 84 -18 -74 180 -18 -29 144 -1 -18 216 4 -48 120 17 56 84 -16 12 84 
11 1 1 0 bottle 1 3 -18 -4 204 -18 46 72 -8 -64 96 
12 1 1 0 bottle 0.56 2 -23 -54 96 -28 1 240 
13 1 1 0 bottle 1 42 19 -48 276 34 -83 84 29 -28 84 -11 -53 120 22 -49 84 -6 -18 276 -16 2 216 7 -64 96 34 -28 84 24 7 228 -1 -63 84 -13 -29 144 -16 -3 120 34 -33 84 22 -44 84 4 -23 276 -21 -8 228 4 -58 84 22 56 84 9 -63 60 4 -38 276 29 -23 84 -3 -14 192 -16 7 120 -21 12 276 -3 61 204 27 1 192 9 -38 60 17 -34 84 2 -4 180 9 -68 60 -13 -59 72 27 -44 96 24 -68 120 -18 -29 168 29 -78 84 17 -34 72 -18 1 0 17 -29 84 -16 -58 120 14 -48 120 -23 -54 192 
14 1 1 0 bottle 0.995206 1216 -13 -54 84 -18 -54 96 -3 -9 192 -8 -9 204 12 -54 84 -18 -14 0 -3 1 192 -18 -59 144 7 -9 180 27 46 72 12 1 300 12 1 168 22 6 192 22 1 192 -18 -54 180 27 46 96 -21 -28 204 -18 -9 0 12 -34 84 29 -63 120 19 -53 60 9 -28 60 9 -33 60 -26 2 276 17 -49 84 7 -29 96 -1 77 84 7 -59 36 12 -59 84 22 46 252 7 -49 36 2 1 180 22 -34 204 14 -28 228 17 -39 72 12 -39 84 17 11 0 17 16 0 -13 -44 168 -18 -59 96 2 -14 192 27 31 0 -18 -59 84 17 -49 0 17 -54 72 2 1 192 22 -24 240 22 16 240 -21 12 228 -1 72 120 -18 -39 204 27 -79 96 -11 77 216 17 31 0 -8 -39 168 -13 -59 84 22 46 0 22 -9 192 19 -23 120 2 -49 252 22 -9 240 7 -9 300 2 -54 144 22 26 168 7 -34 96 7 21 240 17 16 300 19 -68 276 7 -49 240 32 16 36 4 -73 60 22 -74 240 -18 -4 0 22 -29 204 22 26 0 -8 -4 36 22 -39 192 -8 -49 72 -18 -44 192 22 46 144 22 -24 192 14 -8 204 2 11 252 -13 1 0 22 -44 96 7 -39 96 27 -69 36 -11 82 216 -31 -63 276 27 -69 72 22 31 0 2 -54 300 7 21 36 14 -53 276 27 11 84 22 36 0 17 -9 144 29 -18 120 12 -49 0 -13 -54 168 17 36 0 -11 -43 84 19 -88 276 -13 -49 72 -1 77 120 7 -54 240 22 46 36 -8 -49 168 7 26 240 -18 -49 84 -3 26 252 17 -4 144 22 16 144 -11 72 216 27 -4 84 -23 -39 204 22 6 0 -18 11 96 -13 41 72 7 6 36 4 -18 276 2 -49 144 19 -68 204 17 46 252 2 -54 252 22 -4 0 27 1 84 29 -88 120 -16 -73 204 17 -34 96 22 -34 36 -8 -54 168 12 46 0 -13 -9 204 22 46 84 22 11 36 22 16 0 -3 -9 204 7 26 36 7 31 36 22 -44 180 27 26 84 -8 -9 36 -13 -49 180 -3 81 72 -13 -4 36 22 6 36 24 -63 216 22 -4 36 -13 6 84 -16 -18 216 29 -23 120 12 -24 192 7 26 204 22 16 72 -16 -23 216 -18 31 300 4 -63 276 22 -49 144 -3 26 96 22 -59 84 -8 41 72 22 41 204 -3 31 252 17 1 0 22 1 36 22 -4 180 2 21 252 17 -19 168 17 1 144 22 26 72 -6 -48 120 7 36 36 22 -59 0 22 11 180 9 -53 84 -21 -33 204 24 -43 216 -16 -53 204 17 46 300 -3 -39 168 14 -13 228 22 -84 84 2 16 252 -8 -74 192 -18 16 96 -13 -74 204 19 -13 216 -18 -44 204 -13 -4 0 22 11 72 7 16 36 22 21 168 22 -19 36 22 -4 168 17 -24 168 7 56 84 4 -43 84 17 -39 252 -3 21 252 -11 -28 204 9 -13 276 9 -28 276 -18 36 300 4 -33 84 9 -13 228 22 26 252 22 6 72 22 -69 192 22 -9 168 12 21 240 -8 -19 240 -23 36 300 22 -74 204 17 36 240 17 -74 144 -18 36 84 -8 -14 36 -8 1 36 -18 -44 300 -23 -4 252 -26 -58 228 -3 -59 252 2 21 240 29 22 84 -8 -24 36 -8 81 96 17 -14 84 27 31 144 -13 11 96 22 31 240 17 36 252 27 36 96 17 -69 144 17 -14 36 22 -79 72 27 41 144 9 -68 276 9 -18 276 22 -39 168 22 -74 84 2 26 36 12 11 180 -8 36 192 2 31 252 22 26 84 9 -3 60 4 -73 276 -3 16 204 22 -34 84 -13 1 36 17 -39 84 7 -44 144 12 -34 168 -3 81 168 -18 41 300 7 -69 300 17 -14 168 -16 -43 120 19 -18 120 22 -84 72 2 -24 96 22 36 96 22 -59 96 17 6 204 17 -69 0 4 -23 84 -13 26 72 22 -9 84 22 -19 72 -6 12 84 14 -38 216 17 11 72 -13 31 72 -8 46 0 -11 -33 84 17 -29 300 -23 51 300 7 -84 84 17 26 240 22 16 84 2 -59 240 17 21 204 22 1 180 22 -79 180 17 -79 144 19 -83 228 14 7 120 19 7 60 -13 46 84 12 -69 180 22 -69 168 14 72 120 14 -38 276 22 -74 72 -3 -44 240 17 16 36 -8 -29 144 12 26 96 7 -4 204 -8 51 180 -13 36 204 -13 -29 36 7 46 252 17 -44 180 -18 51 0 17 -39 180 19 -43 120 -8 -39 240 17 16 84 17 26 84 7 -44 96 -13 81 192 17 -4 0 -8 41 84 22 -84 0 -8 1 84 17 1 36 -8 16 36 -21 -18 228 22 -14 84 -3 11 0 7 16 96 12 1 180 17 -84 240 19 -18 204 17 -69 96 12 -44 72 17 -69 204 12 -9 180 17 -19 0 -3 6 0 17 26 204 -8 21 36 24 -83 120 -11 -38 120 -18 31 96 2 -69 300 17 -74 252 7 -29 0 17 -74 0 -13 1 96 12 46 84 17 -9 0 7 -34 0 2 -44 0 -13 -39 252 22 31 192 22 -74 0 7 -14 204 12 -9 240 7 -4 240 -13 -9 36 -8 -19 72 17 -69 36 12 21 96 -3 -24 144 17 36 204 22 -69 36 2 6 204 17 -19 252 -13 -64 192 17 -14 252 -3 -49 240 -11 -33 120 12 -19 0 -3 -14 0 7 -24 168 -8 -4 240 7 -24 84 -23 -54 0 12 31 96 -3 36 0 -18 -54 204 17 -14 0 12 -74 252 -13 -44 36 -3 31 0 -13 51 72 17 1 84 2 26 204 17 -64 144 -8 -34 252 -3 81 300 -8 -4 252 17 -84 96 7 -14 240 -6 -43 84 2 31 96 17 -84 0 17 -84 72 17 21 192 7 26 252 2 16 96 12 -4 0 12 36 240 12 1 84 7 11 96 -18 51 300 -3 -44 0 12 -84 72 7 21 96 24 -68 60 14 -88 276 -8 46 84 19 -13 60 7 -69 72 19 -8 60 -18 -24 0 -8 41 96 -3 41 72 9 -33 84 -21 -38 204 22 -69 144 4 -93 228 -8 36 96 -8 -14 240 -8 -29 72 -8 -9 240 -8 -24 72 19 -38 60 22 36 180 17 -9 192 17 -4 96 4 -48 276 -8 -74 144 14 12 60 12 -39 180 17 21 96 -18 -49 0 7 -9 72 -3 46 84 7 6 192 -13 21 72 2 -9 0 -13 -14 168 12 21 0 12 -4 36 12 16 0 7 -84 96 -6 -83 84 7 -24 72 12 -34 0 4 -93 60 2 21 204 7 46 72 12 26 252 7 -4 0 7 26 96 22 -74 36 14 -63 204 -8 46 144 -18 51 168 7 -84 300 22 -9 96 -3 36 96 -11 -73 84 7 -44 36 -13 -34 252 12 -9 96 -28 -64 180 -8 16 84 17 -34 192 14 -88 228 -3 -14 72 9 -38 120 12 -29 0 24 -48 120 -6 -88 84 -13 -29 84 22 1 84 22 41 144 12 56 204 2 41 36 -3 46 300 22 41 168 -3 -74 0 -18 -54 0 -26 12 204 12 31 252 12 -84 0 17 31 192 12 26 84 -8 -74 240 17 36 36 12 -14 36 2 -19 72 12 -44 0 7 -34 240 17 -44 72 17 11 96 7 -24 300 2 -69 0 17 -84 36 12 -79 300 -31 -68 276 7 -84 252 -3 -69 252 2 -44 300 7 -29 300 2 11 96 9 72 60 7 -29 240 17 -9 96 9 -28 84 -6 -93 84 -13 41 0 7 31 252 12 -74 0 17 36 84 7 -34 36 12 -24 0 12 -19 36 -3 36 72 12 -79 204 7 -84 240 -18 41 240 2 16 36 -8 -9 252 17 -39 144 -13 -4 168 17 -74 204 7 -4 72 19 -63 228 -13 31 144 22 -59 144 -3 -74 252 -3 11 72 -26 -48 204 -8 -29 252 22 16 180 12 -59 72 12 -4 72 2 -59 144 -11 -28 276 2 -59 300 7 -9 0 -8 -4 84 -18 36 240 17 6 96 12 1 96 -6 -63 120 -8 1 240 17 -64 168 -8 16 252 12 -24 144 -8 -74 96 7 31 84 -21 -58 216 2 -69 84 -1 -68 276 2 -19 252 -8 -19 252 -13 -74 144 4 -8 84 7 -19 96 9 -88 276 -6 -53 120 -13 -24 96 -13 6 300 -13 -69 36 17 -44 0 -18 -34 144 2 -29 168 7 1 192 -8 -9 84 -23 -74 180 -3 -84 252 -18 11 144 -26 -93 204 17 -19 72 14 -8 84 -13 -19 36 -18 26 252 22 -44 144 7 81 144 12 -19 240 -11 -18 120 7 36 84 12 -9 36 22 41 36 -23 36 180 19 -93 204 -18 51 36 17 31 204 14 -13 84 17 -74 72 12 36 252 4 -88 276 2 -59 168 -3 81 204 12 -34 240 -11 -8 120 24 22 84 2 41 84 12 -39 204 12 6 252 17 41 180 -18 -34 0 2 11 168 -8 1 72 14 -93 60 12 -34 204 4 77 216 4 -3 84 -13 -9 96 27 31 84 4 2 84 12 -4 96 -23 -74 252 -16 -88 84 -16 -88 120 -18 46 84 22 41 300 -18 41 168 -8 -74 36 7 -74 252 -13 -74 0 2 -29 96 2 -74 0 9 2 84 -3 -4 84 7 -79 0 2 -79 84 12 36 36 12 -54 300 7 -19 0 -3 36 192 22 6 84 2 -19 204 -3 -79 192 2 -34 240 -18 -69 240 -13 46 144 2 31 72 24 -53 60 2 -39 192 -3 -54 180 12 -74 84 2 -39 168 -6 27 84 -1 -83 60 2 -79 96 12 -79 0 12 11 204 12 11 72 -16 27 228 12 -19 72 7 -24 252 -18 36 180 -8 36 204 -18 -9 180 -18 -59 204 2 -79 72 -8 36 36 -3 -34 0 7 -84 144 -13 16 0 4 72 60 -13 16 300 7 -74 180 -8 -29 192 2 6 0 -13 16 252 2 -34 300 -3 21 72 22 1 96 2 -74 300 22 6 96 2 -29 204 -18 -39 36 7 -64 36 -13 31 96 -3 -79 0 7 -19 300 2 -79 0 -13 -59 192 -8 16 240 2 31 300 -8 -79 240 7 -74 72 12 -9 252 24 -58 84 -6 -33 120 -8 26 240 2 -79 192 7 46 96 -23 41 240 -16 -83 216 -6 2 120 17 41 96 2 -9 204 2 46 72 12 11 192 2 -29 300 12 -74 72 2 -49 96 -18 -19 144 -21 -63 60 7 11 72 12 -79 84 -8 -59 0 -3 -39 252 -6 -78 60 12 26 300 12 -79 168 -13 -4 300 -8 -49 252 -3 31 72 2 21 0 -3 46 0 -6 -88 60 -1 -93 60 -8 36 180 -1 -8 84 22 21 144 2 -79 36 12 -29 252 2 16 84 -8 -59 180 -8 31 0 2 -79 240 -13 -24 300 9 -58 84 -6 -83 276 -16 -58 204 12 -64 168 -8 -79 96 -13 -39 0 -18 -34 96 7 -44 300 12 16 144 2 -79 180 12 21 300 22 -54 36 -8 -29 300 -18 11 180 -3 11 180 -8 21 252 2 36 96 -3 -69 36 -13 -54 204 -18 -19 0 19 -58 84 -8 -79 252 -18 6 180 17 36 192 12 -34 144 -13 51 168 17 -49 240 2 -64 36 -18 16 180 -8 31 96 12 -14 72 -23 1 192 -3 -4 36 2 6 72 7 11 204 17 41 36 12 11 144 -8 -49 192 12 -79 72 14 72 204 27 31 96 12 -49 84 22 -59 168 -8 -64 240 12 -19 300 7 -59 168 2 -34 204 12 -39 72 7 -49 84 2 16 72 2 -44 96 -3 -34 252 12 36 84 -13 -44 72 -8 -64 72 4 12 84 2 -14 36 -8 -24 300 -8 -39 204 2 1 84 -8 -19 96 2 -19 36 -6 -93 60 -23 -34 300 -23 -74 36 -18 21 36 -13 6 72 -18 -44 0 -8 26 144 -21 -58 204 -21 -28 216 -3 -39 192 -26 -68 204 2 21 144 2 11 84 -3 81 240 -8 -79 72 -13 11 168 -13 16 144 2 16 0 -3 -24 252 7 -14 84 17 41 72 19 -58 216 -23 -84 252 -23 41 252 -8 56 240 -23 -39 300 -18 46 204 22 11 168 -13 21 300 -3 -59 96 -13 21 36 2 -64 240 7 1 0 -23 -19 240 7 6 204 2 -39 96 -3 -69 72 -8 11 96 -8 21 204 -3 -24 84 -8 -54 180 -3 -34 36 -23 -74 0 12 -59 168 -3 -64 204 -3 16 84 -8 -69 0 -13 -79 36 -8 16 204 -8 -69 72 -8 31 144 7 -59 180 -13 36 0 -8 6 0 -18 1 180 2 -4 36 2 11 300 2 -59 204 -18 -84 180 -13 -4 72 -8 -69 96 -23 -69 252 -18 -44 84 -13 -19 204 -8 -29 204 -26 -28 228 12 -59 300 -8 51 0 -23 -69 192 7 11 300 -18 26 0 2 -14 84 2 -34 36 -13 11 144 -1 77 204 -13 21 252 -8 -44 240 2 -49 180 -23 -74 72 -13 -9 72 -13 -69 252 -18 1 72 -3 6 84 -3 -29 204 -23 26 168 -8 -34 0 7 6 144 -3 -19 300 -3 36 240 -21 -63 216 -18 -49 168 2 -24 36 -23 41 144 12 -29 168 -3 11 300 2 51 36 -1 12 84 22 -29 96 2 81 192 14 67 60 -13 -59 0 -13 -79 84 -18 -59 36 -23 -59 240 -8 56 144 2 -44 192 -3 -14 96 -3 6 300 2 -44 36 -13 -44 192 -18 -79 240 -3 -24 36 -3 -29 36 22 -49 168 -23 16 0 7 56 180 -8 26 0 7 -59 84 -1 -58 276 2 51 96 12 51 180 -3 -54 36 -21 -33 228 12 -19 168 -13 -29 168 -18 -49 36 19 -58 228 -8 16 192 -8 31 180 -13 46 36 -13 -4 240 -8 16 96 -18 -49 240 -8 26 252 14 -48 84 -8 -64 204 -18 26 180 2 -29 144 7 26 180 17 51 144 -28 -74 240 22 51 84 -18 56 0 -18 46 240 -23 21 144 -3 -19 204 -18 -29 84 17 51 240 -3 56 144 -16 -73 276 12 -44 168 -18 46 144 2 36 0 12 51 204 22 51 168 -13 1 240 -3 51 72 -18 -79 0 -23 -74 84 17 -59 240 -3 -84 96 -28 -64 252 17 51 192 -13 -84 84 -18 1 252 12 56 72 -18 46 168 -18 -59 252 -16 -3 60 -3 -84 204 -18 31 168 -3 56 192 -13 -29 72 -8 16 144 -3 -29 144 -8 31 204 2 81 180 -11 -68 120 -8 31 240 -8 -84 36 -8 6 96 -3 -19 192 7 -19 180 -13 16 204 12 6 300 -3 46 36 -13 -24 0 -13 6 252 -8 11 204 -13 -39 36 -18 46 252 -18 -79 192 -23 -69 240 12 51 84 -18 -24 252 9 82 204 -23 46 0 2 -64 0 -13 56 192 -8 -29 180 -18 -79 96 -3 -84 36 7 31 144 19 -53 120 -18 6 204 -23 41 204 -3 26 168 -13 -9 240 2 51 72 -18 -24 84 -18 56 240 -8 -14 168 -23 21 240 24 7 60 -8 -24 96 9 72 204 -3 51 0 7 21 144 -13 21 192 -13 26 0 17 6 192 9 -43 120 -1 2 84 -8 -49 0 -13 -84 204 -8 -14 0 2 51 0 -18 41 192 -18 11 84 -28 -64 300 -8 -84 72 -18 1 84 9 12 276 -28 -59 252 -23 -84 168 -8 11 180 -23 26 252 -13 31 180 -18 1 168 2 -39 84 -18 6 72 -18 31 192 -23 -79 0 4 72 228 -1 -13 120 -8 11 144 14 77 60 -13 6 192 -18 11 168 -21 -73 60 12 -54 168 -13 6 204 -23 -54 240 -1 87 216 -8 -84 84 -23 6 252 9 77 216 -18 11 204 -18 16 204 -13 -54 0 17 -54 192 2 -44 84 -18 -29 240 7 51 72 -23 -39 252 -8 -29 84 7 -59 0 -23 11 168 2 -59 96 -23 -69 204 12 51 36 -23 -34 252 -3 36 36 -8 -4 144 -18 -4 36 -13 56 300 12 -54 36 -23 11 252 -8 -84 204 9 -28 120 -28 41 204 -3 56 96 2 56 84 -23 -29 252 12 -64 72 -13 -84 300 -28 -74 300 -23 11 240 -13 11 204 -13 -64 168 -23 26 180 -18 16 72 -23 21 204 -1 77 276 -21 -3 276 17 -54 168 -18 -24 240 -3 -24 204 7 16 144 -23 16 252 12 6 168 -23 21 252 -13 11 180 24 -3 60 -23 -79 168 17 -54 180 -18 -39 240 -8 56 84 -18 -9 72 2 56 252 -26 -38 216 -13 -34 240 -18 46 192 -13 6 180 -18 56 300 -8 6 168 17 51 84 12 -34 36 19 7 84 -28 -49 252 -23 36 72 24 7 84 -8 -84 144 -8 -39 84 -8 21 168 -6 77 216 -23 -69 36 -13 31 252 -13 -4 144 -13 -84 192 -23 -29 204 -18 41 72 -3 -54 0 29 -3 60 -8 26 84 -28 -79 240 -1 12 120 14 72 84 -3 6 36 -18 11 72 -23 -19 180 -23 -79 36 17 51 96 -18 -29 192 7 -34 72 -13 -84 144 -18 -49 72 17 -29 36 2 26 72 -26 -58 216 7 11 0 -3 26 84 -13 -14 180 17 -34 36 -18 -19 240 7 -49 192 -23 46 36 29 7 60 -3 81 36 7 31 0 7 -59 252 -28 31 204 24 2 84 4 -58 276 9 2 120 29 -8 60 17 51 168 7 -14 144 17 51 72 -11 -68 60 2 56 144 -13 -4 180 12 16 204 -3 1 180 14 2 276 -23 -34 72 -6 -68 60 7 -44 72 12 51 300 -31 -63 228 19 -28 276 -28 -79 300 -28 -74 180 -18 -44 168 -3 -59 72 -13 -54 300 -8 -54 300 -1 -3 120 -21 -68 60 24 -8 60 14 72 60 2 -49 204 12 -54 192 9 -13 120 -13 -34 192 17 -39 36 2 -14 300 -26 12 216 -8 -54 144 7 -49 72 12 -4 144 -28 -79 204 2 -49 0 -1 -18 120 9 -3 120 -13 -49 96 2 -54 0 -3 -34 168 17 -54 36 24 -13 84 -8 -59 36 2 -4 168 19 -38 228 -8 -54 36 14 2 120 4 2 120 -1 -38 60 24 -73 84 19 -13 84 2 -44 72 -23 -49 144 -6 -53 84 -8 -59 84 24 -28 84 -11 -18 60 -3 1 168 -3 1 300 19 -33 84 4 -3 120 -11 -38 84 -16 2 276 
15 1 1 0 bottle 0.913043 24 -23 -84 72 -28 -29 252 -23 -4 0 -23 -34 168 -23 16 144 7 76 36 4 72 216 -23 -9 0 -28 -29 204 -26 -28 216 2 76 36 -21 -63 84 -23 -29 0 2 -89 180 -3 -89 204 2 -89 168 -28 -29 240 -28 21 300 -23 21 36 7 -89 168 7 -89 180 -6 72 204 -23 -44 300 -18 -19 84 
16 1 1 0 bottle 0.998911 131 -23 -4 144 2 -89 300 -23 -14 0 2 -89 84 -23 31 96 -23 -34 144 -21 -33 120 -31 -73 216 -26 -43 204 -1 72 84 -28 26 240 -6 72 60 -21 22 60 -28 36 192 12 46 252 -28 41 168 4 -93 216 12 -74 144 14 -8 228 14 -3 228 7 -74 204 9 -63 204 14 -23 204 14 -68 204 12 36 180 12 46 180 7 46 240 12 36 144 7 -69 192 12 -84 144 -6 -73 276 2 51 204 2 51 144 9 -73 216 -3 -49 180 9 -68 216 7 -74 168 7 46 192 -8 51 192 9 -88 204 9 -78 120 4 12 276 2 -69 180 9 -73 204 -1 -83 276 2 51 192 14 2 204 9 -38 216 -3 46 240 7 36 144 2 46 168 4 -68 228 2 46 204 -3 26 192 9 12 120 -8 -69 192 4 -88 216 4 -18 228 2 21 192 -3 51 168 -3 51 180 7 41 180 2 26 144 -1 -73 120 2 -84 168 -8 -69 168 -8 -69 180 9 -13 216 2 41 192 4 -3 228 -1 -63 216 4 -38 204 -8 46 192 2 -79 144 -18 -69 144 -3 46 192 2 41 144 -16 -28 216 -16 -28 204 7 41 168 -1 -13 216 4 -73 216 -1 -88 228 -6 -63 228 -11 -63 204 -16 -78 228 -28 41 192 -11 -73 216 -16 -53 228 -1 -3 216 -11 -93 228 -6 -83 216 -6 -48 216 -16 2 204 -3 36 144 -11 -18 204 4 -83 204 -8 41 144 -6 -63 216 -1 -58 204 -6 -93 228 -13 41 168 2 41 204 -16 -73 216 -1 -53 204 -6 -23 204 -11 17 228 -11 17 216 -16 12 216 -11 -3 216 -16 7 228 -6 -18 204 -1 7 228 -16 12 228 -6 7 204 -11 7 216 -23 41 192 -11 77 204 -23 -19 168 -23 51 36 22 -9 36 27 6 144 34 -48 84 -18 56 168 27 -79 180 2 61 36 7 56 96 29 -38 60 32 41 144 29 -23 60 27 -19 0 
17 1 1 0 bottle 0.994737 27 -1 -13 276 -6 -8 84 24 2 228 -1 -68 84 -1 2 276 -11 -13 84 34 -8 120 24 -8 228 -11 -13 204 -6 -33 84 24 -88 228 24 -53 276 -6 -33 276 -11 -3 84 29 -38 84 4 7 228 -6 -58 60 -16 -13 216 9 2 216 -16 -58 84 24 -58 216 9 7 216 19 -28 228 4 -18 60 24 -23 216 -1 -38 276 -21 -13 228 
18 1 1 0 bottle 1 1 27 -54 72 
19 1 1 0 bottle 1 2 17 -59 84 12 -69 96 
20 1 1 0 bottle 1 6 17 31 300 12 -24 96 -18 -39 144 -18 -34 192 22 -54 96 17 -49 72 
21 1 1 0 bottle 1 3 -18 -49 180 17 -44 84 22 -39 96 
22 1 1 0 bottle 1 22 29 -8 120 -11 -43 60 19 -8 216 19 -78 228 -26 -43 276 24 -68 84 -16 -43 60 -1 12 60 -21 -78 276 19 -43 276 -1 82 276 -1 82 228 24 -18 84 -26 27 276 14 -78 276 -11 -8 84 -31 -78 276 -26 7 228 19 12 216 -21 27 204 -18 -44 36 -6 -58 84 
23 1 1 0 bottle 0.995816 34 -21 -3 216 -26 -3 228 -1 -3 228 14 -23 228 -1 -88 216 24 -78 120 4 -3 216 -6 -88 204 -1 -88 204 19 -8 204 14 -18 204 -21 -63 228 4 -63 60 9 -63 120 -6 -13 216 -16 -78 276 14 -78 228 -11 -78 204 -21 -78 228 -1 -78 276 -1 -48 228 9 -88 120 -1 -88 276 4 -78 216 -21 -88 216 4 -78 228 9 -78 204 9 -43 204 9 -18 216 -1 -78 228 -11 -88 204 14 -78 204 -31 12 276 -1 -8 228 
24 1 1 0 bottle 1 22 -1 -38 204 4 -8 204 -6 7 60 -21 7 204 -11 -38 216 14 -28 120 9 7 228 19 -78 84 4 -18 120 9 2 228 29 -78 60 19 -68 120 4 12 216 -11 -23 84 -6 17 228 -31 -78 204 -31 -78 216 -1 -43 216 -21 7 228 19 -3 120 -26 7 204 9 12 228 
25 1 1 0 bottle 1 14 -16 -68 204 -11 7 204 -11 -43 216 -1 -93 216 4 -43 216 -21 -43 120 14 -43 228 -16 -3 216 -6 12 228 4 82 204 -6 -93 120 9 -43 216 14 -43 204 9 12 204 
26 1 1 0 bottle 0.988235 12 -1 -93 84 24 -93 120 -16 -93 84 -6 -68 216 4 -88 60 9 -23 228 19 -93 120 4 -93 276 -11 -93 204 9 -93 276 -21 -93 228 -16 -93 216 
27 1 1 0 bottle 1 31 -18 -64 144 12 51 144 -8 51 96 -8 11 0 -8 51 72 2 51 240 7 51 144 7 51 240 -13 51 300 -3 51 36 -13 51 84 17 -24 96 -13 51 96 -23 31 252 -23 -24 192 7 31 192 -13 -64 72 -18 31 36 -13 61 96 2 51 180 -13 51 240 2 31 192 7 -64 300 -13 -64 0 -3 -64 180 -18 -64 0 -13 51 144 -6 82 204 2 -64 252 -18 -64 252 -23 -64 0 
28 1 1 0 bottle 1 6 -1 82 204 -3 31 204 29 2 84 9 -88 60 -1 -98 204 -16 -3 204 
29 1 1 0 bottle 0.777778 1 -1 -93 120 
30 1 1 0 bottle 1 5 -21 -68 228 -23 -64 72 -23 -64 84 -23 -69 144 -3 -64 36 
31 1 1 0 bottle 1 7 -18 -14 204 -21 -58 276 -3 -9 168 -3 -19 180 7 41 0 -21 -58 228 -1 -58 228 
32 1 1 0 bottle 1 2 2 -64 72 7 -64 204 
33 1 1 0 bottle 1 3 -6 -53 204 -8 -14 192 -8 -19 192 
34 1 1 0 bottle 1 1 7 -74 84 
35 1 1 0 bottle 1 108 29 -13 120 14 22 84 -3 -59 144 19 17 120 -11 17 120 29 17 84 19 -28 204 14 -33 216 -11 -33 60 29 17 120 -26 -3 276 14 -73 276 9 17 60 -16 2 228 4 22 228 -1 22 204 -11 -53 60 -21 -13 216 24 17 60 19 17 204 -11 22 216 4 -58 228 4 -28 216 -16 -33 60 -1 -53 120 -1 22 120 4 -33 228 -26 22 216 -16 -53 216 19 -33 216 24 12 204 4 -28 204 -16 17 120 14 17 84 -1 82 120 4 -38 228 -11 -58 204 14 17 120 9 -33 204 19 22 120 -16 -23 228 -6 -33 60 9 17 216 9 22 216 4 17 204 -11 -33 216 4 17 60 4 17 120 -11 17 84 -16 17 60 -1 -33 228 -26 -13 228 19 22 60 24 17 84 -31 -28 276 -26 -8 204 -31 -33 276 -21 -58 60 -31 7 276 9 -38 228 -21 -33 60 -26 -58 276 -1 -3 204 -26 -28 276 14 12 276 -6 2 216 -11 -33 228 14 -23 276 14 -3 276 19 17 228 19 -53 204 -11 -58 276 19 17 60 14 17 276 -1 -43 120 -6 2 228 19 -43 84 14 17 216 4 22 276 19 -8 120 14 22 216 14 -68 276 14 22 204 -16 22 84 -11 -53 276 14 -18 216 14 -28 276 34 17 120 -1 -48 120 -26 17 216 -6 17 120 -26 -8 228 -16 -8 204 -26 -13 204 -16 -53 60 19 22 216 -6 -73 204 -31 22 276 14 22 276 -1 22 276 4 -73 120 -6 17 84 19 -13 120 -21 -8 216 -16 22 204 -1 -53 228 4 -53 228 -16 -73 228 
36 1 1 0 bottle 0.371681 18 27 -54 84 27 31 168 24 -78 216 39 -8 120 34 -8 84 24 -68 228 29 -43 60 27 -54 192 27 16 204 27 -84 96 22 -29 168 34 -83 120 27 -64 168 7 76 72 27 -64 144 27 -59 36 27 16 192 27 -54 180 
37 1 1 0 bottle 0.133683 113 29 17 216 -23 -9 36 24 -73 204 -26 27 204 -13 61 240 19 22 276 32 41 96 27 -39 96 29 -28 60 34 7 60 -1 32 216 24 -58 228 27 -34 72 22 -84 300 27 51 168 32 21 36 27 -34 168 27 31 204 -6 32 120 24 -73 276 22 56 96 27 -19 192 -1 32 204 27 41 84 22 -14 204 -28 -4 300 -23 56 300 32 1 96 22 56 300 27 1 36 -28 41 300 2 86 192 -3 86 144 27 -14 168 27 51 72 27 -49 72 27 6 36 24 -83 204 -11 32 204 27 -29 72 32 36 96 19 -3 216 12 61 0 27 -34 0 19 2 216 27 -84 144 -1 -103 120 24 27 228 27 36 204 24 32 204 12 61 252 39 12 120 -6 32 204 22 11 252 27 36 300 27 -19 72 27 -54 0 24 -83 216 22 -4 252 19 72 60 12 61 84 -6 -103 216 27 36 252 17 61 240 29 -18 228 -3 61 36 7 61 240 -21 32 228 -6 32 276 -16 32 228 2 61 240 27 41 0 -13 61 180 17 81 84 7 61 36 -3 86 240 9 32 228 27 -9 180 19 72 120 29 -13 216 27 -54 36 4 82 60 19 32 228 24 12 276 27 -69 168 24 -28 204 27 -69 84 24 -8 204 2 86 300 34 -73 120 27 -44 192 27 56 84 32 -69 96 9 32 60 19 77 60 17 61 144 4 32 60 27 -14 0 27 21 240 22 56 36 14 32 228 29 27 84 7 86 240 7 86 252 32 -74 36 7 86 180 -8 61 204 27 -49 0 22 -59 252 27 -44 168 27 -69 0 22 -59 300 -26 -18 276 
